data/raster/dem_1.asc
ncols 30
nrows 20
xllcorner 0
yllcorner 0
cellsize 2
NODATA_value -9999.0
-9999.00 9.90 8.60 7.81 9.75 7.14 7.21 9.49 9.75 7.94 7.62 7.94 7.35 7.14 8.83 9.43 9.90 9.80 7.35 7.55 8.12 7.48 9.43 8.12 9.38 8.94 8.60 7.35 9.17 9.22
-9999.00 -9999.00 9.43 10.00 10.00 9.00 8.94 8.54 8.77 9.75 9.54 8.12 8.83 8.77 8.31 9.33 7.62 8.43 9.85 7.42 8.31 8.12 9.70 8.19 9.00 7.87 9.49 9.59 9.27 7.81
-9999.00 -9999.00 9.00 9.90 8.06 7.68 7.07 7.75 7.94 9.00 9.64 9.75 7.14 9.95 8.89 9.00 7.14 9.75 10.00 8.31 7.75 9.27 8.83 8.66 8.77 7.81 8.89 10.00 9.54 9.80
7.68 -9999.00 -9999.00 9.33 8.60 8.06 7.75 9.06 8.60 7.07 9.90 9.06 7.21 9.17 7.94 8.60 7.07 8.43 9.64 7.21 8.12 7.75 9.43 8.54 7.68 9.90 9.11 7.87 9.11 7.75
8.83 8.66 -9999.00 8.31 9.95 9.22 9.85 8.54 9.38 7.28 8.43 8.00 9.85 9.59 7.68 8.43 8.19 9.85 8.54 9.27 8.43 8.60 7.07 7.55 9.33 9.54 8.25 9.90 8.60 9.54
7.94 8.83 -9999.00 9.59 7.62 8.00 8.89 8.31 -9999.00 -9999.00 7.75 9.59 8.12 9.64 8.83 9.75 8.37 9.85 9.11 7.94 8.54 7.94 10.00 7.42 8.77 9.75 8.31 7.68 9.85 9.59
7.07 8.49 9.17 8.94 7.48 7.75 9.54 7.21 -9999.00 -9999.00 7.07 9.95 9.85 7.94 9.38 8.43 9.33 8.49 7.14 8.49 7.28 9.95 8.89 9.38 7.75 8.19 9.85 9.17 7.62 9.11
9.49 9.95 8.66 7.75 9.80 7.14 8.89 8.19 -9999.00 -9999.00 7.81 8.37 8.83 9.54 7.48 9.64 9.43 9.22 9.85 7.07 8.06 8.06 9.43 9.22 7.28 9.49 9.64 9.54 8.43 10.00
7.68 7.68 9.90 8.89 9.95 9.59 9.85 7.75 8.19 9.80 9.70 9.95 8.83 9.49 8.25 9.90 9.27 10.00 9.11 7.55 9.75 7.07 9.75 7.42 9.85 9.85 7.21 8.37 8.60 9.59
7.28 9.27 7.42 8.77 7.35 8.19 9.33 7.35 9.54 7.68 9.90 9.70 7.75 9.43 8.66 9.64 9.54 7.07 9.17 7.14 9.70 8.66 7.48 9.17 8.77 9.06 9.54 8.54 8.43 9.75
9.11 9.70 9.75 9.38 9.95 7.28 9.43 8.60 8.60 9.43 8.00 7.68 -9999.00 -9999.00 -9999.00 -9999.00 9.17 8.19 7.48 9.49 8.06 8.25 9.54 8.31 9.17 8.94 8.25 8.94 7.14 7.07
8.94 9.90 7.48 7.75 8.12 7.94 8.43 9.85 8.66 7.35 9.64 8.43 -9999.00 -9999.00 -9999.00 -9999.00 7.48 9.38 9.59 8.60 7.75 7.75 7.28 7.48 9.17 9.85 9.43 9.43 8.54 9.90
7.68 8.77 9.80 7.81 7.55 9.85 7.55 8.89 8.66 8.31 9.75 8.83 -9999.00 -9999.00 -9999.00 -9999.00 8.06 9.49 8.31 9.17 9.95 9.80 8.94 9.43 7.07 9.54 10.00 7.81 9.22 8.31
9.11 8.77 8.00 9.27 7.48 9.33 9.54 8.25 7.94 7.21 9.90 7.87 -9999.00 -9999.00 -9999.00 -9999.00 8.49 8.12 7.81 9.06 9.54 8.06 8.06 8.72 10.00 8.49 9.59 9.80 8.77 7.62
8.06 9.43 8.83 8.89 9.59 8.06 8.89 9.27 9.06 7.62 8.83 9.11 -9999.00 -9999.00 -9999.00 -9999.00 9.49 9.49 9.95 9.70 7.42 9.95 9.54 9.38 9.11 8.94 8.06 8.25 7.81 9.00
9.80 9.06 9.95 8.77 7.42 8.49 7.75 8.60 8.83 9.95 8.60 8.89 -9999.00 -9999.00 -9999.00 -9999.00 9.17 9.85 7.62 9.43 9.17 8.83 9.38 8.37 7.42 9.06 9.80 7.07 7.14 9.43
8.31 7.75 7.35 7.14 8.94 7.55 8.25 7.07 7.75 9.49 9.70 9.54 -9999.00 -9999.00 -9999.00 -9999.00 8.00 8.94 9.95 9.22 7.21 8.37 8.00 9.75 9.00 7.35 8.89 8.31 9.95 8.77
9.11 7.35 7.42 9.11 8.54 9.90 8.54 8.25 9.22 8.12 8.77 8.54 -9999.00 -9999.00 -9999.00 -9999.00 9.95 9.75 9.43 7.14 7.48 8.77 9.80 9.33 9.00 8.60 8.89 9.27 7.21 9.64
8.60 9.11 8.12 7.87 7.94 8.54 7.35 8.89 9.00 9.54 9.59 8.66 -9999.00 -9999.00 -9999.00 -9999.00 9.06 7.81 8.25 9.22 9.00 9.70 9.90 9.54 8.31 9.54 9.80 7.35 9.17 9.22
8.19 8.66 8.72 9.90 8.83 8.60 7.21 9.90 7.81 9.22 8.72 7.94 -9999.00 -9999.00 -9999.00 -9999.00 9.64 8.49 7.94 7.68 8.54 8.77 8.25 8.06 9.27 9.06 8.19 8.43 7.14 7.21
