0, -9999
1, -9999
2, -9999
3, -9999
4, -9999
5, -9999
6, -9999
7, -9999
8, -9999
9, -9999
10, -9999
11, -9999
12, -9999
13, -9999
14, -9999
15, -9999
16, -9999
17, -9999
18, -9999
19, -9999
20, -9999
21, -9999
22, -9999
23, -9999
24, -9999
25, -9999
26, -9999
27, -9999
28, -9999
29, -9999
30, -9999
31, -9999
32, -9999
33, -9999
34, -9999
35, -9999
36, -9999
37, -9999
38, -9999
39, -9999
40, -9999
41, -9999
42, -9999
43, -9999
44, -9999
45, -9999
46, -9999
47, -9999
48, -9999
49, -9999
50, -9999
51, -9999
52, -9999
53, -9999
54, -9999
55, -9999
56, -9999
57, -9999
58, -9999
59, -9999
60, -9999
61, -9999
62, -9999
63, -9999
64, -9999
65, -9999
66, -9999
67, -9999
68, -9999
69, -9999
70, -9999
71, -9999
72, -9999
73, -9999
74, -9999
75, -9999
76, -9999
77, -9999
78, -9999
79, -9999
80, -9999
81, -9999
82, -9999
83, -9999
84, -9999
85, -9999
86, -9999
87, -9999
88, -9999
89, -9999
90, -9999
91, -9999
92, -9999
93, -9999
94, -9999
95, -9999
96, -9999
97, -9999
98, -9999
99, -9999
100, -9999
101, -9999
102, -9999
103, -9999
104, -9999
105, -9999
106, -9999
107, -9999
108, -9999
109, -9999
110, -9999
111, -9999
112, -9999
113, -9999
114, -9999
115, -9999
116, -9999
117, -9999
118, -9999
119, -9999
120, -9999
121, -9999
122, -9999
123, -9999
124, -9999
125, -9999
126, -9999
127, -9999
128, -9999
129, -9999
130, -9999
131, -9999
132, -9999
133, -9999
134, -9999
135, -9999
136, -9999
137, -9999
138, -9999
139, -9999
140, -9999
141, -9999
142, -9999
143, -9999
144, -9999
145, -9999
146, -9999
147, -9999
148, -9999
149, -9999
150, -9999
151, -9999
152, -9999
153, -9999
154, -9999
155, -9999
156, -9999
157, -9999
158, -9999
159, -9999
160, -9999
161, -9999
162, -9999
163, -9999
164, -9999
165, -9999
166, -9999
167, -9999
168, -9999
169, -9999
170, -9999
171, -9999
172, -9999
173, -9999
174, -9999
175, -9999
176, -9999
177, -9999
178, -9999
179, -9999
180, -9999
181, -9999
182, -9999
183, -9999
184, -9999
185, -9999
186, -9999
187, -9999
188, -9999
189, -9999
190, -9999
191, -9999
192, -9999
193, -9999
194, -9999
195, -9999
196, -9999
197, -9999
198, -9999
199, -9999
200, -9999
201, -9999
202, -9999
203, -9999
204, -9999
205, -9999
206, -9999
207, -9999
208, -9999
209, -9999
210, -9999
211, -9999
212, -9999
213, -9999
214, -9999
215, -9999
216, -9999
217, -9999
218, -9999
219, -9999
220, -9999
221, -9999
222, -9999
223, -9999
224, -9999
225, -9999
226, -9999
227, -9999
228, -9999
229, -9999
230, -9999
231, -9999
232, -9999
233, -9999
234, -9999
235, -9999
236, -9999
237, -9999
238, -9999
239, -9999
240, -9999
241, -9999
242, -9999
243, -9999
244, -9999
245, -9999
246, -9999
247, -9999
248, -9999
249, -9999
250, -9999
251, -9999
252, -9999
253, -9999
254, -9999
255, -9999
256, -9999
257, -9999
258, -9999
259, -9999
260, -9999
261, -9999
262, -9999
263, -9999
264, -9999
265, -9999
266, -9999
267, -9999
268, -9999
269, -9999
270, -9999
271, -9999
272, -9999
273, -9999
274, -9999
275, -9999
276, -9999
277, -9999
278, -9999
279, -9999
280, -9999
281, -9999
282, -9999
283, -9999
284, -9999
285, -9999
286, -9999
287, -9999
288, -9999
289, -9999
290, -9999
291, -9999
292, -9999
293, -9999
294, -9999
295, -9999
296, -9999
297, -9999
298, -9999
299, -9999
300, -9999
301, -9999
302, -9999
303, -9999
304, -9999
305, -9999
306, -9999
307, -9999
308, -9999
309, -9999
310, -9999
311, -9999
312, -9999
313, -9999
314, -9999
315, -9999
316, -9999
317, -9999
318, -9999
319, -9999
320, -9999
321, -9999
322, -9999
323, -9999
324, -9999
325, -9999
326, -9999
327, -9999
328, -9999
329, -9999
330, -9999
331, -9999
332, -9999
333, -9999
334, -9999
335, -9999
336, -9999
337, -9999
338, -9999
339, -9999
340, -9999
341, -9999
342, -9999
343, -9999
344, -9999
345, -9999
346, -9999
347, -9999
348, -9999
349, -9999
350, -9999
351, -9999
352, -9999
353, -9999
354, -9999
355, -9999
356, -9999
357, -9999
358, -9999
359, -9999
360, -9999
361, -9999
362, -9999
363, -9999
364, -9999
365, -9999
366, -9999
367, -9999
368, -9999
369, -9999
370, -9999
371, -9999
372, -9999
373, -9999
374, -9999
375, -9999
376, -9999
377, -9999
378, -9999
379, -9999
380, -9999
381, -9999
382, -9999
383, -9999
384, -9999
385, -9999
386, -9999
387, -9999
388, -9999
389, -9999
390, -9999
391, -9999
392, -9999
393, -9999
394, -9999
395, -9999
396, -9999
397, -9999
398, -9999
399, -9999
400, -9999
401, -9999
402, -9999
403, -9999
404, -9999
405, -9999
406, -9999
407, -9999
408, -9999
409, -9999
410, -9999
411, -9999
412, -9999
413, -9999
414, -9999
415, -9999
416, -9999
417, -9999
418, -9999
419, -9999
420, -9999
421, -9999
422, -9999
423, -9999
424, -9999
425, -9999
426, -9999
427, -9999
428, -9999
429, -9999
430, -9999
431, -9999
432, -9999
433, -9999
434, -9999
435, -9999
436, -9999
437, -9999
438, -9999
439, -9999
440, -9999
441, -9999
442, -9999
443, -9999
444, -9999
445, -9999
446, -9999
447, -9999
448, -9999
449, -9999
450, -9999
451, -9999
452, -9999
453, -9999
454, -9999
455, -9999
456, -9999
457, -9999
458, -9999
459, -9999
460, -9999
461, -9999
462, -9999
463, -9999
464, -9999
465, -9999
466, -9999
467, -9999
468, -9999
469, -9999
470, -9999
471, -9999
472, -9999
473, -9999
474, -9999
475, -9999
476, -9999
477, -9999
478, -9999
479, -9999
480, -9999
481, -9999
482, -9999
483, -9999
484, -9999
485, -9999
486, -9999
487, -9999
488, -9999
489, -9999
490, -9999
491, -9999
492, -9999
493, -9999
494, -9999
495, -9999
496, -9999
497, -9999
498, -9999
499, -9999
500, -9999
501, -9999
502, -9999
503, -9999
504, -9999
505, -9999
506, -9999
507, -9999
508, -9999
509, -9999
510, -9999
511, -9999
512, -9999
513, -9999
514, -9999
515, -9999
516, -9999
517, -9999
518, -9999
519, -9999
520, -9999
521, -9999
522, -9999
523, -9999
524, -9999
525, -9999
526, -9999
527, -9999
528, -9999
529, -9999
530, -9999
531, -9999
532, -9999
533, -9999
534, -9999
535, -9999
536, -9999
537, -9999
538, -9999
539, -9999
540, -9999
541, -9999
542, -9999
543, -9999
544, -9999
545, -9999
546, -9999
547, -9999
548, -9999
549, -9999
550, -9999
551, -9999
552, -9999
553, -9999
554, -9999
555, -9999
556, -9999
557, -9999
558, -9999
559, -9999
560, -9999
561, -9999
562, -9999
563, -9999
564, -9999
565, -9999
566, -9999
567, -9999
568, -9999
569, -9999
570, -9999
571, -9999
572, -9999
573, -9999
574, -9999
575, -9999
576, -9999
577, -9999
578, -9999
579, -9999
580, -9999
581, -9999
582, -9999
583, -9999
584, -9999
585, -9999
586, -9999
587, -9999
588, -9999
589, -9999
590, -9999
591, -9999
592, -9999
593, -9999
594, -9999
595, -9999
596, -9999
597, -9999
598, -9999
599, -9999
600, -9999
601, -9999
602, -9999
603, -9999
604, -9999
605, -9999
606, -9999
607, -9999
608, -9999
609, -9999
610, -9999
611, -9999
612, -9999
613, -9999
614, -9999
615, -9999
616, -9999
617, -9999
618, -9999
619, -9999
620, -9999
621, -9999
622, -9999
623, -9999
624, -9999
625, -9999
626, -9999
627, -9999
628, -9999
629, -9999
630, -9999
631, -9999
632, -9999
633, -9999
634, -9999
635, -9999
636, -9999
637, -9999
638, -9999
639, -9999
640, -9999
641, -9999
642, -9999
643, -9999
644, -9999
645, -9999
646, -9999
647, -9999
648, -9999
649, -9999
650, -9999
651, -9999
652, -9999
653, -9999
654, -9999
655, -9999
656, -9999
657, -9999
658, -9999
659, -9999
660, -9999
661, -9999
662, -9999
663, -9999
664, -9999
665, -9999
666, -9999
667, -9999
668, -9999
669, -9999
670, -9999
671, -9999
672, -9999
673, -9999
674, -9999
675, -9999
676, -9999
677, -9999
678, -9999
679, -9999
680, -9999
681, -9999
682, -9999
683, -9999
684, -9999
685, -9999
686, -9999
687, -9999
688, -9999
689, -9999
690, -9999
691, -9999
692, -9999
693, -9999
694, -9999
695, -9999
696, -9999
697, -9999
698, -9999
699, -9999
700, -9999
701, -9999
702, -9999
703, -9999
704, -9999
705, -9999
706, -9999
707, -9999
708, -9999
709, -9999
710, -9999
711, -9999
712, -9999
713, -9999
714, -9999
715, -9999
716, -9999
717, -9999
718, -9999
719, -9999
720, -9999
721, -9999
722, -9999
723, -9999
724, -9999
725, -9999
726, -9999
727, -9999
728, -9999
729, -9999
730, -9999
731, -9999
732, -9999
733, -9999
734, -9999
735, -9999
736, -9999
737, -9999
738, -9999
739, -9999
740, -9999
741, -9999
742, -9999
743, -9999
744, -9999
745, -9999
746, -9999
747, -9999
748, -9999
749, -9999
750, -9999
751, -9999
752, -9999
753, -9999
754, -9999
755, -9999
756, -9999
757, -9999
758, -9999
759, -9999
760, -9999
761, -9999
762, -9999
763, -9999
764, -9999
765, -9999
766, -9999
767, -9999
768, -9999
769, -9999
770, -9999
771, -9999
772, -9999
773, -9999
774, -9999
775, -9999
776, -9999
777, -9999
778, -9999
779, -9999
780, -9999
781, -9999
782, -9999
783, -9999
784, -9999
785, -9999
786, -9999
787, -9999
788, -9999
789, -9999
790, -9999
791, -9999
792, -9999
793, -9999
794, -9999
795, -9999
796, -9999
797, -9999
798, -9999
799, -9999
800, -9999
801, -9999
802, -9999
803, -9999
804, -9999
805, -9999
806, -9999
807, -9999
808, -9999
809, -9999
810, -9999
811, -9999
812, -9999
813, -9999
814, -9999
815, -9999
816, -9999
817, -9999
818, -9999
819, -9999
820, -9999
821, -9999
822, -9999
823, -9999
824, -9999
825, -9999
826, -9999
827, -9999
828, -9999
829, -9999
830, -9999
831, -9999
832, -9999
833, -9999
834, -9999
835, -9999
836, -9999
837, -9999
838, -9999
839, -9999
840, -9999
841, -9999
842, -9999
843, -9999
844, -9999
845, -9999
846, -9999
847, -9999
848, -9999
849, -9999
850, -9999
851, -9999
852, -9999
853, -9999
854, -9999
855, -9999
856, -9999
857, -9999
858, -9999
859, -9999
860, -9999
861, -9999
862, -9999
863, -9999
864, -9999
865, -9999
866, -9999
867, -9999
868, -9999
869, -9999
870, -9999
871, -9999
872, -9999
873, -9999
874, -9999
875, -9999
876, -9999
877, -9999
878, -9999
879, -9999
880, -9999
881, -9999
882, -9999
883, -9999
884, -9999
885, -9999
886, -9999
887, -9999
888, -9999
889, -9999
890, -9999
891, -9999
892, -9999
893, -9999
894, -9999
895, -9999
896, -9999
897, -9999
898, -9999
899, -9999
900, -9999
901, -9999
902, -9999
903, -9999
904, -9999
905, -9999
906, -9999
907, -9999
908, -9999
909, -9999
910, -9999
911, -9999
912, -9999
913, -9999
914, -9999
915, -9999
916, -9999
917, -9999
918, -9999
919, -9999
920, -9999
921, -9999
922, -9999
923, -9999
924, -9999
925, -9999
926, -9999
927, -9999
928, -9999
929, -9999
930, -9999
931, -9999
932, -9999
933, -9999
934, -9999
935, -9999
936, -9999
937, -9999
938, -9999
939, -9999
940, -9999
941, -9999
942, -9999
943, -9999
944, -9999
945, -9999
946, -9999
947, -9999
948, -9999
949, -9999
950, -9999
951, -9999
952, -9999
953, -9999
954, -9999
955, -9999
956, -9999
957, -9999
958, -9999
959, -9999
960, -9999
961, -9999
962, -9999
963, -9999
964, -9999
965, -9999
966, -9999
967, -9999
968, -9999
969, -9999
970, -9999
971, -9999
972, -9999
973, -9999
974, -9999
975, -9999
976, -9999
977, -9999
978, -9999
979, -9999
980, -9999
981, -9999
982, -9999
983, -9999
984, -9999
985, -9999
986, -9999
987, -9999
988, -9999
989, -9999
990, -9999
991, -9999
992, -9999
993, -9999
994, -9999
995, -9999
996, -9999
997, -9999
998, -9999
999, -9999
1000, -9999
1001, -9999
1002, -9999
1003, -9999
1004, -9999
1005, -9999
1006, -9999
1007, -9999
1008, -9999
1009, -9999
1010, -9999
1011, -9999
1012, -9999
1013, -9999
1014, -9999
1015, -9999
1016, -9999
1017, -9999
1018, -9999
1019, -9999
1020, -9999
1021, -9999
1022, -9999
1023, -9999
1024, -9999
1025, -9999
1026, -9999
1027, -9999
1028, -9999
1029, -9999
1030, -9999
1031, -9999
1032, -9999
1033, -9999
1034, -9999
1035, -9999
1036, -9999
1037, -9999
1038, -9999
1039, -9999
1040, -9999
1041, -9999
1042, -9999
1043, -9999
1044, -9999
1045, -9999
1046, -9999
1047, -9999
1048, -9999
1049, -9999
1050, -9999
1051, -9999
1052, -9999
1053, -9999
1054, -9999
1055, -9999
1056, -9999
1057, -9999
1058, -9999
1059, -9999
1060, -9999
1061, -9999
1062, -9999
1063, -9999
1064, -9999
1065, -9999
1066, -9999
1067, -9999
1068, -9999
1069, -9999
1070, -9999
1071, -9999
1072, -9999
1073, -9999
1074, -9999
1075, -9999
1076, -9999
1077, -9999
1078, -9999
1079, -9999
1080, -9999
1081, -9999
1082, -9999
1083, -9999
1084, -9999
1085, -9999
1086, -9999
1087, -9999
1088, -9999
1089, -9999
1090, -9999
1091, -9999
1092, -9999
1093, -9999
1094, -9999
1095, -9999
1096, -9999
1097, -9999
1098, -9999
1099, -9999
1100, -9999
1101, -9999
1102, -9999
1103, -9999
1104, -9999
1105, -9999
1106, -9999
1107, -9999
1108, -9999
1109, -9999
1110, -9999
1111, -9999
1112, -9999
1113, -9999
1114, -9999
1115, -9999
1116, -9999
1117, -9999
1118, -9999
1119, -9999
1120, -9999
1121, -9999
1122, -9999
1123, -9999
1124, -9999
1125, -9999
1126, -9999
1127, -9999
1128, -9999
1129, -9999
1130, -9999
1131, -9999
1132, -9999
1133, -9999
1134, -9999
1135, -9999
1136, -9999
1137, -9999
1138, -9999
1139, -9999
1140, -9999
1141, -9999
1142, -9999
1143, -9999
1144, -9999
1145, -9999
1146, -9999
1147, -9999
1148, -9999
1149, -9999
1150, -9999
1151, -9999
1152, -9999
1153, -9999
1154, -9999
1155, -9999
1156, -9999
1157, -9999
1158, -9999
1159, -9999
1160, -9999
1161, -9999
1162, -9999
1163, -9999
1164, -9999
1165, -9999
1166, -9999
1167, -9999
1168, -9999
1169, -9999
1170, -9999
1171, -9999
1172, -9999
1173, -9999
1174, -9999
1175, -9999
1176, -9999
1177, -9999
1178, -9999
1179, -9999
1180, -9999
1181, -9999
1182, -9999
1183, -9999
1184, -9999
1185, -9999
1186, -9999
1187, -9999
1188, -9999
1189, -9999
1190, -9999
1191, -9999
1192, -9999
1193, -9999
1194, -9999
1195, -9999
1196, -9999
1197, -9999
1198, -9999
1199, -9999
1200, -9999
1201, -9999
1202, -9999
1203, -9999
1204, -9999
1205, -9999
1206, -9999
1207, -9999
1208, -9999
1209, -9999
1210, -9999
1211, -9999
1212, -9999
1213, -9999
1214, -9999
1215, -9999
1216, -9999
1217, -9999
1218, -9999
1219, -9999
1220, -9999
1221, -9999
1222, -9999
1223, -9999
1224, -9999
1225, -9999
1226, -9999
1227, -9999
1228, -9999
1229, -9999
1230, -9999
1231, -9999
1232, -9999
1233, -9999
1234, -9999
1235, -9999
1236, -9999
1237, -9999
1238, -9999
1239, -9999
1240, -9999
1241, -9999
1242, -9999
1243, -9999
1244, -9999
1245, -9999
1246, -9999
1247, -9999
1248, -9999
1249, -9999
1250, -9999
1251, -9999
1252, -9999
1253, -9999
1254, -9999
1255, -9999
1256, -9999
1257, -9999
1258, -9999
1259, -9999
1260, -9999
1261, -9999
1262, -9999
1263, -9999
1264, -9999
1265, -9999
1266, -9999
1267, -9999
1268, -9999
1269, -9999
1270, -9999
1271, -9999
1272, -9999
1273, -9999
1274, -9999
1275, -9999
1276, -9999
1277, -9999
1278, -9999
1279, -9999
1280, -9999
1281, -9999
1282, -9999
1283, -9999
1284, -9999
1285, -9999
1286, -9999
1287, -9999
1288, -9999
1289, -9999
1290, -9999
1291, -9999
1292, -9999
1293, -9999
1294, -9999
1295, -9999
1296, -9999
1297, -9999
1298, -9999
1299, -9999
1300, -9999
1301, -9999
1302, -9999
1303, -9999
1304, -9999
1305, -9999
1306, -9999
1307, -9999
1308, -9999
1309, -9999
1310, -9999
1311, -9999
1312, -9999
1313, -9999
1314, -9999
1315, -9999
1316, -9999
1317, -9999
1318, -9999
1319, -9999
1320, -9999
1321, -9999
1322, -9999
1323, -9999
1324, -9999
1325, -9999
1326, -9999
1327, -9999
1328, -9999
1329, -9999
1330, -9999
1331, -9999
1332, -9999
1333, -9999
1334, -9999
1335, -9999
1336, -9999
1337, -9999
1338, -9999
1339, -9999
1340, -9999
1341, -9999
1342, -9999
1343, -9999
1344, -9999
1345, -9999
1346, -9999
1347, -9999
1348, -9999
1349, -9999
1350, -9999
1351, -9999
1352, -9999
1353, -9999
1354, -9999
1355, -9999
1356, -9999
1357, -9999
1358, -9999
1359, -9999
1360, -9999
1361, -9999
1362, -9999
1363, -9999
1364, -9999
1365, -9999
1366, -9999
1367, -9999
1368, -9999
1369, -9999
1370, -9999
1371, -9999
1372, -9999
1373, -9999
1374, -9999
1375, -9999
1376, -9999
1377, -9999
1378, -9999
1379, -9999
1380, -9999
1381, -9999
1382, -9999
1383, -9999
1384, -9999
1385, -9999
1386, -9999
1387, -9999
1388, -9999
1389, -9999
1390, -9999
1391, -9999
1392, -9999
1393, -9999
1394, -9999
1395, -9999
1396, -9999
1397, -9999
1398, -9999
1399, -9999
1400, -9999
1401, -9999
1402, -9999
1403, -9999
1404, -9999
1405, -9999
1406, -9999
1407, -9999
1408, -9999
1409, -9999
1410, -9999
1411, -9999
1412, -9999
1413, -9999
1414, -9999
1415, -9999
1416, -9999
1417, -9999
1418, -9999
1419, -9999
1420, -9999
1421, -9999
1422, -9999
1423, -9999
1424, -9999
1425, -9999
1426, -9999
1427, -9999
1428, -9999
1429, -9999
1430, -9999
1431, -9999
1432, -9999
1433, -9999
1434, -9999
1435, -9999
1436, -9999
1437, -9999
1438, -9999
1439, -9999
1440, -9999
1441, -9999
1442, -9999
1443, -9999
1444, -9999
1445, -9999
1446, -9999
1447, -9999
1448, -9999
1449, -9999
1450, -9999
1451, -9999
1452, -9999
1453, -9999
1454, -9999
1455, -9999
1456, -9999
1457, -9999
1458, -9999
1459, -9999
1460, -9999
1461, -9999
1462, -9999
1463, -9999
1464, -9999
1465, -9999
1466, -9999
1467, -9999
1468, -9999
1469, -9999
1470, -9999
1471, -9999
1472, -9999
1473, -9999
1474, -9999
1475, -9999
1476, -9999
1477, -9999
1478, -9999
1479, -9999
1480, -9999
1481, -9999
1482, -9999
1483, -9999
1484, -9999
1485, -9999
1486, -9999
1487, -9999
1488, -9999
1489, -9999
1490, -9999
1491, -9999
1492, -9999
1493, -9999
1494, -9999
1495, -9999
1496, -9999
1497, -9999
1498, -9999
1499, -9999
1500, -9999
1501, -9999
1502, -9999
1503, -9999
1504, -9999
1505, -9999
1506, -9999
1507, -9999
1508, -9999
1509, -9999
1510, -9999
1511, -9999
1512, -9999
1513, -9999
1514, -9999
1515, -9999
1516, -9999
1517, -9999
1518, -9999
1519, -9999
1520, -9999
1521, -9999
1522, -9999
1523, -9999
1524, -9999
1525, -9999
1526, -9999
1527, -9999
1528, -9999
1529, -9999
1530, -9999
1531, -9999
1532, -9999
1533, -9999
1534, -9999
1535, -9999
1536, -9999
1537, -9999
1538, -9999
1539, -9999
1540, -9999
1541, -9999
1542, -9999
1543, -9999
1544, -9999
1545, -9999
1546, -9999
1547, -9999
1548, -9999
1549, -9999
1550, -9999
1551, -9999
1552, -9999
1553, -9999
1554, -9999
1555, -9999
1556, -9999
1557, -9999
1558, -9999
1559, -9999
1560, -9999
1561, -9999
1562, -9999
1563, -9999
1564, -9999
1565, -9999
1566, -9999
1567, -9999
1568, -9999
1569, -9999
1570, -9999
1571, -9999
1572, -9999
1573, -9999
1574, -9999
1575, -9999
1576, -9999
1577, -9999
1578, -9999
1579, -9999
1580, -9999
1581, -9999
1582, -9999
1583, -9999
1584, -9999
1585, -9999
1586, -9999
1587, -9999
1588, -9999
1589, -9999
1590, -9999
1591, -9999
1592, -9999
1593, -9999
1594, -9999
1595, -9999
1596, -9999
1597, -9999
1598, -9999
1599, -9999
1600, -9999
1601, -9999
1602, -9999
1603, -9999
1604, -9999
1605, -9999
1606, -9999
1607, -9999
1608, -9999
1609, -9999
1610, -9999
1611, -9999
1612, -9999
1613, -9999
1614, -9999
1615, -9999
1616, -9999
1617, -9999
1618, -9999
1619, -9999
1620, -9999
1621, -9999
1622, -9999
1623, -9999
1624, -9999
1625, -9999
1626, -9999
1627, -9999
1628, -9999
1629, -9999
1630, -9999
1631, -9999
1632, -9999
1633, -9999
1634, -9999
1635, -9999
1636, -9999
1637, -9999
1638, -9999
1639, -9999
1640, -9999
1641, -9999
1642, -9999
1643, -9999
1644, -9999
1645, -9999
1646, -9999
1647, -9999
1648, -9999
1649, -9999
1650, -9999
1651, -9999
1652, -9999
1653, -9999
1654, -9999
1655, -9999
1656, -9999
1657, -9999
1658, -9999
1659, -9999
1660, -9999
1661, -9999
1662, -9999
1663, -9999
1664, -9999
1665, -9999
1666, -9999
1667, -9999
1668, -9999
1669, -9999
1670, -9999
1671, -9999
1672, -9999
1673, -9999
1674, -9999
1675, -9999
1676, -9999
1677, -9999
1678, -9999
1679, -9999
1680, -9999
1681, -9999
1682, -9999
1683, -9999
1684, -9999
1685, -9999
1686, -9999
1687, -9999
1688, -9999
1689, -9999
1690, -9999
1691, -9999
1692, -9999
1693, -9999
1694, -9999
1695, -9999
1696, -9999
1697, -9999
1698, -9999
1699, -9999
1700, -9999
1701, -9999
1702, -9999
1703, -9999
1704, -9999
1705, -9999
1706, -9999
1707, -9999
1708, -9999
1709, -9999
1710, -9999
1711, -9999
1712, -9999
1713, -9999
1714, -9999
1715, -9999
1716, -9999
1717, -9999
1718, -9999
1719, -9999
1720, -9999
1721, -9999
1722, -9999
1723, -9999
1724, -9999
1725, -9999
1726, -9999
1727, -9999
1728, -9999
1729, -9999
1730, -9999
1731, -9999
1732, -9999
1733, -9999
1734, -9999
1735, -9999
1736, -9999
1737, -9999
1738, -9999
1739, -9999
1740, -9999
1741, -9999
1742, -9999
1743, -9999
1744, -9999
1745, -9999
1746, -9999
1747, -9999
1748, -9999
1749, -9999
1750, -9999
1751, -9999
1752, -9999
1753, -9999
1754, -9999
1755, -9999
1756, -9999
1757, -9999
1758, -9999
1759, -9999
1760, -9999
1761, -9999
1762, -9999
1763, -9999
1764, -9999
1765, -9999
1766, -9999
1767, -9999
1768, -9999
1769, -9999
1770, -9999
1771, -9999
1772, -9999
1773, -9999
1774, -9999
1775, -9999
1776, -9999
1777, -9999
1778, -9999
1779, -9999
1780, -9999
1781, -9999
1782, -9999
1783, -9999
1784, -9999
1785, -9999
1786, -9999
1787, -9999
1788, -9999
1789, -9999
1790, -9999
1791, -9999
1792, -9999
1793, -9999
1794, -9999
1795, -9999
1796, -9999
1797, -9999
1798, -9999
1799, -9999
1800, -9999
1801, -9999
1802, -9999
1803, -9999
1804, -9999
1805, -9999
1806, -9999
1807, -9999
1808, -9999
1809, -9999
1810, -9999
1811, -9999
1812, -9999
1813, -9999
1814, -9999
1815, -9999
1816, -9999
1817, -9999
1818, -9999
1819, -9999
1820, -9999
1821, -9999
1822, -9999
1823, -9999
1824, -9999
1825, -9999
1826, -9999
1827, -9999
1828, -9999
1829, -9999
1830, -9999
1831, -9999
1832, -9999
1833, -9999
1834, -9999
1835, -9999
1836, -9999
1837, -9999
1838, -9999
1839, -9999
1840, -9999
1841, -9999
1842, -9999
1843, -9999
1844, -9999
1845, -9999
1846, -9999
1847, -9999
1848, -9999
1849, -9999
1850, -9999
1851, -9999
1852, -9999
1853, -9999
1854, -9999
1855, -9999
1856, -9999
1857, -9999
1858, -9999
1859, -9999
1860, -9999
1861, -9999
1862, -9999
1863, -9999
1864, -9999
1865, -9999
1866, -9999
1867, -9999
1868, -9999
1869, -9999
1870, -9999
1871, -9999
1872, -9999
1873, -9999
1874, -9999
1875, -9999
1876, -9999
1877, -9999
1878, -9999
1879, -9999
1880, -9999
1881, -9999
1882, -9999
1883, -9999
1884, -9999
1885, -9999
1886, -9999
1887, -9999
1888, -9999
1889, -9999
1890, -9999
1891, -9999
1892, -9999
1893, -9999
1894, -9999
1895, -9999
1896, -9999
1897, -9999
1898, -9999
1899, -9999
1900, -9999
1901, -9999
1902, -9999
1903, -9999
1904, -9999
1905, -9999
1906, -9999
1907, -9999
1908, -9999
1909, -9999
1910, -9999
1911, -9999
1912, -9999
1913, -9999
1914, -9999
1915, -9999
1916, -9999
1917, -9999
1918, -9999
1919, -9999
1920, -9999
1921, -9999
1922, -9999
1923, -9999
1924, -9999
1925, -9999
1926, -9999
1927, -9999
1928, -9999
1929, -9999
1930, -9999
1931, -9999
1932, -9999
1933, -9999
1934, -9999
1935, -9999
1936, -9999
1937, -9999
1938, -9999
1939, -9999
1940, -9999
1941, -9999
1942, -9999
1943, -9999
1944, -9999
1945, -9999
1946, -9999
1947, -9999
1948, -9999
1949, -9999
1950, -9999
1951, -9999
1952, -9999
1953, -9999
1954, -9999
1955, -9999
1956, -9999
1957, -9999
1958, -9999
1959, -9999
1960, -9999
1961, -9999
1962, -9999
1963, -9999
1964, -9999
1965, -9999
1966, -9999
1967, -9999
1968, -9999
1969, -9999
1970, -9999
1971, -9999
1972, -9999
1973, -9999
1974, -9999
1975, -9999
1976, -9999
1977, -9999
1978, -9999
1979, -9999
1980, -9999
1981, -9999
1982, -9999
1983, -9999
1984, -9999
1985, -9999
1986, -9999
1987, -9999
1988, -9999
1989, -9999
1990, -9999
1991, -9999
1992, -9999
1993, -9999
1994, -9999
1995, -9999
1996, -9999
1997, -9999
1998, -9999
1999, -9999
2000, -9999
2001, -9999
2002, -9999
2003, -9999
2004, -9999
2005, -9999
2006, -9999
2007, -9999
2008, -9999
2009, -9999
2010, -9999
2011, -9999
2012, -9999
2013, -9999
2014, -9999
2015, -9999
2016, -9999
2017, -9999
2018, -9999
2019, -9999
2020, -9999
2021, -9999
2022, -9999
2023, -9999
2024, -9999
2025, -9999
2026, -9999
2027, -9999
2028, -9999
2029, -9999
2030, -9999
2031, -9999
2032, -9999
2033, -9999
2034, -9999
2035, -9999
2036, -9999
2037, -9999
2038, -9999
2039, -9999
2040, -9999
2041, -9999
2042, -9999
2043, -9999
2044, -9999
2045, -9999
2046, -9999
2047, -9999
2048, -9999
2049, -9999
2050, -9999
2051, -9999
2052, -9999
2053, -9999
2054, -9999
2055, -9999
2056, -9999
2057, -9999
2058, -9999
2059, -9999
2060, -9999
2061, -9999
2062, -9999
2063, -9999
2064, -9999
2065, -9999
2066, -9999
2067, -9999
2068, -9999
2069, -9999
2070, -9999
2071, -9999
2072, -9999
2073, -9999
2074, -9999
2075, -9999
2076, -9999
2077, -9999
2078, -9999
2079, -9999
2080, -9999
2081, -9999
2082, -9999
2083, -9999
2084, -9999
2085, -9999
2086, -9999
2087, -9999
2088, -9999
2089, -9999
2090, -9999
2091, -9999
2092, -9999
2093, -9999
2094, -9999
2095, -9999
2096, -9999
2097, -9999
2098, -9999
2099, -9999
2100, -9999
2101, -9999
2102, -9999
2103, -9999
2104, -9999
2105, -9999
2106, -9999
2107, -9999
2108, -9999
2109, -9999
2110, -9999
2111, -9999
2112, -9999
2113, -9999
2114, -9999
2115, -9999
2116, -9999
2117, -9999
2118, -9999
2119, -9999
2120, -9999
2121, -9999
2122, -9999
2123, -9999
2124, -9999
2125, -9999
2126, -9999
2127, -9999
2128, -9999
2129, -9999
2130, -9999
2131, -9999
2132, -9999
2133, -9999
2134, -9999
2135, -9999
2136, -9999
2137, -9999
2138, -9999
2139, -9999
2140, -9999
2141, -9999
2142, -9999
2143, -9999
2144, -9999
2145, -9999
2146, -9999
2147, -9999
2148, -9999
2149, -9999
2150, -9999
2151, -9999
2152, -9999
2153, -9999
2154, -9999
2155, -9999
2156, -9999
2157, -9999
2158, -9999
2159, -9999
2160, -9999
2161, -9999
2162, -9999
2163, -9999
2164, -9999
2165, -9999
2166, -9999
2167, -9999
2168, -9999
2169, -9999
2170, -9999
2171, -9999
2172, -9999
2173, -9999
2174, -9999
2175, -9999
2176, -9999
2177, -9999
2178, -9999
2179, -9999
2180, -9999
2181, -9999
2182, -9999
2183, -9999
2184, -9999
2185, -9999
2186, -9999
2187, -9999
2188, -9999
2189, -9999
2190, -9999
2191, -9999
2192, -9999
2193, -9999
2194, -9999
2195, -9999
2196, -9999
2197, -9999
2198, -9999
2199, -9999
2200, -9999
2201, -9999
2202, -9999
2203, -9999
2204, -9999
2205, -9999
2206, -9999
2207, -9999
2208, -9999
2209, -9999
2210, -9999
2211, -9999
2212, -9999
2213, -9999
2214, -9999
2215, -9999
2216, -9999
2217, -9999
2218, -9999
2219, -9999
2220, -9999
2221, -9999
2222, -9999
2223, -9999
2224, -9999
2225, -9999
2226, -9999
2227, -9999
2228, -9999
2229, -9999
2230, -9999
2231, -9999
2232, -9999
2233, -9999
2234, -9999
2235, -9999
2236, -9999
2237, -9999
2238, -9999
2239, -9999
2240, -9999
2241, -9999
2242, -9999
2243, -9999
2244, -9999
2245, -9999
2246, -9999
2247, -9999
2248, -9999
2249, -9999
2250, -9999
2251, -9999
2252, -9999
2253, -9999
2254, -9999
2255, -9999
2256, -9999
2257, -9999
2258, -9999
2259, -9999
2260, -9999
2261, -9999
2262, -9999
2263, -9999
2264, -9999
2265, -9999
2266, -9999
2267, -9999
2268, -9999
2269, -9999
2270, -9999
2271, -9999
2272, -9999
2273, -9999
2274, -9999
2275, -9999
2276, -9999
2277, -9999
2278, -9999
2279, -9999
2280, -9999
2281, -9999
2282, -9999
2283, -9999
2284, -9999
2285, -9999
2286, -9999
2287, -9999
2288, -9999
2289, -9999
2290, -9999
2291, -9999
2292, -9999
2293, -9999
2294, -9999
2295, -9999
2296, -9999
2297, -9999
2298, -9999
2299, -9999
2300, -9999
2301, -9999
2302, -9999
2303, -9999
2304, -9999
2305, -9999
2306, -9999
2307, -9999
2308, -9999
2309, -9999
2310, -9999
2311, -9999
2312, -9999
2313, -9999
2314, -9999
2315, -9999
2316, -9999
2317, -9999
2318, -9999
2319, -9999
2320, -9999
2321, -9999
2322, -9999
2323, -9999
2324, -9999
2325, -9999
2326, -9999
2327, -9999
2328, -9999
2329, -9999
2330, -9999
2331, -9999
2332, -9999
2333, -9999
2334, -9999
2335, -9999
2336, -9999
2337, -9999
2338, -9999
2339, -9999
2340, -9999
2341, -9999
2342, -9999
2343, -9999
2344, -9999
2345, -9999
2346, -9999
2347, -9999
2348, -9999
2349, -9999
2350, -9999
2351, -9999
2352, -9999
2353, -9999
2354, -9999
2355, -9999
2356, -9999
2357, -9999
2358, -9999
2359, -9999
2360, -9999
2361, -9999
2362, -9999
2363, -9999
2364, -9999
2365, -9999
2366, -9999
2367, -9999
2368, -9999
2369, -9999
2370, -9999
2371, -9999
2372, -9999
2373, -9999
2374, -9999
2375, -9999
2376, -9999
2377, -9999
2378, -9999
2379, -9999
2380, -9999
2381, -9999
2382, -9999
2383, -9999
2384, -9999
2385, -9999
2386, -9999
2387, -9999
2388, -9999
2389, -9999
2390, -9999
2391, -9999
2392, -9999
2393, -9999
2394, -9999
2395, -9999
2396, -9999
2397, -9999
2398, -9999
2399, -9999
2400, -9999
2401, -9999
2402, -9999
2403, -9999
2404, -9999
2405, -9999
2406, -9999
2407, -9999
2408, -9999
2409, -9999
2410, -9999
2411, -9999
2412, -9999
2413, -9999
2414, -9999
2415, -9999
2416, -9999
2417, -9999
2418, -9999
2419, -9999
2420, -9999
2421, -9999
2422, -9999
2423, -9999
2424, -9999
2425, -9999
2426, -9999
2427, -9999
2428, -9999
2429, -9999
2430, -9999
2431, -9999
2432, -9999
2433, -9999
2434, -9999
2435, -9999
2436, -9999
2437, -9999
2438, -9999
2439, -9999
2440, -9999
2441, -9999
2442, -9999
2443, -9999
2444, -9999
2445, -9999
2446, -9999
2447, -9999
2448, -9999
2449, -9999
2450, -9999
2451, -9999
2452, -9999
2453, -9999
2454, -9999
2455, -9999
2456, -9999
2457, -9999
2458, -9999
2459, -9999
2460, -9999
2461, -9999
2462, -9999
2463, -9999
2464, -9999
2465, -9999
2466, -9999
2467, -9999
2468, -9999
2469, -9999
2470, -9999
2471, -9999
2472, -9999
2473, -9999
2474, -9999
2475, -9999
2476, -9999
2477, -9999
2478, -9999
2479, -9999
2480, -9999
2481, -9999
2482, -9999
2483, -9999
2484, -9999
2485, -9999
2486, -9999
2487, -9999
2488, -9999
2489, -9999
2490, -9999
2491, -9999
2492, -9999
2493, -9999
2494, -9999
2495, -9999
2496, -9999
2497, -9999
2498, -9999
2499, -9999
2500, -9999
2501, -9999
2502, -9999
2503, -9999
2504, -9999
2505, -9999
2506, -9999
2507, -9999
2508, -9999
2509, -9999
2510, -9999
2511, -9999
2512, -9999
2513, -9999
2514, -9999
2515, -9999
2516, -9999
2517, -9999
2518, -9999
2519, -9999
2520, -9999
2521, -9999
2522, -9999
2523, -9999
2524, -9999
2525, -9999
2526, -9999
2527, -9999
2528, -9999
2529, -9999
2530, -9999
2531, -9999
2532, -9999
2533, -9999
2534, -9999
2535, -9999
2536, -9999
2537, -9999
2538, -9999
2539, -9999
2540, -9999
2541, -9999
2542, -9999
2543, -9999
2544, -9999
2545, -9999
2546, -9999
2547, -9999
2548, -9999
2549, -9999
2550, -9999
2551, -9999
2552, -9999
2553, -9999
2554, -9999
2555, -9999
2556, -9999
2557, -9999
2558, -9999
2559, -9999
2560, -9999
2561, -9999
2562, -9999
2563, -9999
2564, -9999
2565, -9999
2566, -9999
2567, -9999
2568, -9999
2569, -9999
2570, -9999
2571, -9999
2572, -9999
2573, -9999
2574, -9999
2575, -9999
2576, -9999
2577, -9999
2578, -9999
2579, -9999
2580, -9999
2581, -9999
2582, -9999
2583, -9999
2584, -9999
2585, -9999
2586, -9999
2587, -9999
2588, -9999
2589, -9999
2590, -9999
2591, -9999
2592, -9999
2593, -9999
2594, -9999
2595, -9999
2596, -9999
2597, -9999
2598, -9999
2599, -9999
2600, -9999
2601, -9999
2602, -9999
2603, -9999
2604, -9999
2605, -9999
2606, -9999
2607, -9999
2608, -9999
2609, -9999
2610, -9999
2611, -9999
2612, -9999
2613, -9999
2614, -9999
2615, -9999
2616, -9999
2617, -9999
2618, -9999
2619, -9999
2620, -9999
2621, -9999
2622, -9999
2623, -9999
2624, -9999
2625, -9999
2626, -9999
2627, -9999
2628, -9999
2629, -9999
2630, -9999
2631, -9999
2632, -9999
2633, -9999
2634, -9999
2635, -9999
2636, -9999
2637, -9999
2638, -9999
2639, -9999
2640, -9999
2641, -9999
2642, -9999
2643, -9999
2644, -9999
2645, -9999
2646, -9999
2647, -9999
2648, -9999
2649, -9999
2650, -9999
2651, -9999
2652, -9999
2653, -9999
2654, -9999
2655, -9999
2656, -9999
2657, -9999
2658, -9999
2659, -9999
2660, -9999
2661, -9999
2662, -9999
2663, -9999
2664, -9999
2665, -9999
2666, -9999
2667, -9999
2668, -9999
2669, -9999
2670, -9999
2671, -9999
2672, -9999
2673, -9999
2674, -9999
2675, -9999
2676, -9999
2677, -9999
2678, -9999
2679, -9999
2680, -9999
2681, -9999
2682, -9999
2683, -9999
2684, -9999
2685, -9999
2686, -9999
2687, -9999
2688, -9999
2689, -9999
2690, -9999
2691, -9999
2692, -9999
2693, -9999
2694, -9999
2695, -9999
2696, -9999
2697, -9999
2698, -9999
2699, -9999
2700, -9999
2701, -9999
2702, -9999
2703, -9999
2704, -9999
2705, -9999
2706, -9999
2707, -9999
2708, -9999
2709, -9999
2710, -9999
2711, -9999
2712, -9999
2713, -9999
2714, -9999
2715, -9999
2716, -9999
2717, -9999
2718, -9999
2719, -9999
2720, -9999
2721, -9999
2722, -9999
2723, -9999
2724, -9999
2725, -9999
2726, -9999
2727, -9999
2728, -9999
2729, -9999
2730, -9999
2731, -9999
2732, -9999
2733, -9999
2734, -9999
2735, -9999
2736, -9999
2737, -9999
2738, -9999
2739, -9999
2740, -9999
2741, -9999
2742, -9999
2743, -9999
2744, -9999
2745, -9999
2746, -9999
2747, -9999
2748, -9999
2749, -9999
2750, -9999
2751, -9999
2752, -9999
2753, -9999
2754, -9999
2755, -9999
2756, -9999
2757, -9999
2758, -9999
2759, -9999
2760, -9999
2761, -9999
2762, -9999
2763, -9999
2764, -9999
2765, -9999
2766, -9999
2767, -9999
2768, -9999
2769, -9999
2770, -9999
2771, -9999
2772, -9999
2773, -9999
2774, -9999
2775, -9999
2776, -9999
2777, -9999
2778, -9999
2779, -9999
2780, -9999
2781, -9999
2782, -9999
2783, -9999
2784, -9999
2785, -9999
2786, -9999
2787, -9999
2788, -9999
2789, -9999
2790, -9999
2791, -9999
2792, -9999
2793, -9999
2794, -9999
2795, -9999
2796, -9999
2797, -9999
2798, -9999
2799, -9999
2800, -9999
2801, -9999
2802, -9999
2803, -9999
2804, -9999
2805, -9999
2806, -9999
2807, -9999
2808, -9999
2809, -9999
2810, -9999
2811, -9999
2812, -9999
2813, -9999
2814, -9999
2815, -9999
2816, -9999
2817, -9999
2818, -9999
2819, -9999
2820, -9999
2821, -9999
2822, -9999
2823, -9999
2824, -9999
2825, -9999
2826, -9999
2827, -9999
2828, -9999
2829, -9999
2830, -9999
2831, -9999
2832, -9999
2833, -9999
2834, -9999
2835, -9999
2836, -9999
2837, -9999
2838, -9999
2839, -9999
2840, -9999
2841, -9999
2842, -9999
2843, -9999
2844, -9999
2845, -9999
2846, -9999
2847, -9999
2848, -9999
2849, -9999
2850, -9999
2851, -9999
2852, -9999
2853, -9999
2854, -9999
2855, -9999
2856, -9999
2857, -9999
2858, -9999
2859, -9999
2860, -9999
2861, -9999
2862, -9999
2863, -9999
2864, -9999
2865, -9999
2866, -9999
2867, -9999
2868, -9999
2869, -9999
2870, -9999
2871, -9999
2872, -9999
2873, -9999
2874, -9999
2875, -9999
2876, -9999
2877, -9999
2878, -9999
2879, -9999
2880, -9999
2881, -9999
2882, -9999
2883, -9999
2884, -9999
2885, -9999
2886, -9999
2887, -9999
2888, -9999
2889, -9999
2890, -9999
2891, -9999
2892, -9999
2893, -9999
2894, -9999
2895, -9999
2896, -9999
2897, -9999
2898, -9999
2899, -9999
2900, -9999
2901, -9999
2902, -9999
2903, -9999
2904, -9999
2905, -9999
2906, -9999
2907, -9999
2908, -9999
2909, -9999
2910, -9999
2911, -9999
2912, -9999
2913, -9999
2914, -9999
2915, -9999
2916, -9999
2917, -9999
2918, -9999
2919, -9999
2920, -9999
2921, -9999
2922, -9999
2923, -9999
2924, -9999
2925, -9999
2926, -9999
2927, -9999
2928, -9999
2929, -9999
2930, -9999
2931, -9999
2932, -9999
2933, -9999
2934, -9999
2935, -9999
2936, -9999
2937, -9999
2938, -9999
2939, -9999
2940, -9999
2941, -9999
2942, -9999
2943, -9999
2944, -9999
2945, -9999
2946, -9999
2947, -9999
2948, -9999
2949, -9999
2950, -9999
2951, -9999
2952, -9999
2953, -9999
2954, -9999
2955, -9999
2956, -9999
2957, -9999
2958, -9999
2959, -9999
2960, -9999
2961, -9999
2962, -9999
2963, -9999
2964, -9999
2965, -9999
2966, -9999
2967, -9999
2968, -9999
2969, -9999
2970, -9999
2971, -9999
2972, -9999
2973, -9999
2974, -9999
2975, -9999
2976, -9999
2977, -9999
2978, -9999
2979, -9999
2980, -9999
2981, -9999
2982, -9999
2983, -9999
2984, -9999
2985, -9999
2986, -9999
2987, -9999
2988, -9999
2989, -9999
2990, -9999
2991, -9999
2992, -9999
2993, -9999
2994, -9999
2995, -9999
2996, -9999
2997, -9999
2998, -9999
2999, -9999
3000, -9999
3001, -9999
3002, -9999
3003, -9999
3004, -9999
3005, -9999
3006, -9999
3007, -9999
3008, -9999
3009, -9999
3010, -9999
3011, -9999
3012, -9999
3013, -9999
3014, -9999
3015, -9999
3016, -9999
3017, -9999
3018, -9999
3019, -9999
3020, -9999
3021, -9999
3022, -9999
3023, -9999
3024, -9999
3025, -9999
3026, -9999
3027, -9999
3028, -9999
3029, -9999
3030, -9999
3031, -9999
3032, -9999
3033, -9999
3034, -9999
3035, -9999
3036, -9999
3037, -9999
3038, -9999
3039, -9999
3040, -9999
3041, -9999
3042, -9999
3043, -9999
3044, -9999
3045, -9999
3046, -9999
3047, -9999
3048, -9999
3049, -9999
3050, -9999
3051, -9999
3052, -9999
3053, -9999
3054, -9999
3055, -9999
3056, -9999
3057, -9999
3058, -9999
3059, -9999
3060, -9999
3061, -9999
3062, -9999
3063, -9999
3064, -9999
3065, -9999
3066, -9999
3067, -9999
3068, -9999
3069, -9999
3070, -9999
3071, -9999
3072, -9999
3073, -9999
3074, -9999
3075, -9999
3076, -9999
3077, -9999
3078, -9999
3079, -9999
3080, -9999
3081, -9999
3082, -9999
3083, -9999
3084, -9999
3085, -9999
3086, -9999
3087, -9999
3088, -9999
3089, -9999
3090, -9999
3091, -9999
3092, -9999
3093, -9999
3094, -9999
3095, -9999
3096, -9999
3097, -9999
3098, -9999
3099, -9999
3100, -9999
3101, -9999
3102, -9999
3103, -9999
3104, -9999
3105, -9999
3106, -9999
3107, -9999
3108, -9999
3109, -9999
3110, -9999
3111, -9999
3112, -9999
3113, -9999
3114, -9999
3115, -9999
3116, -9999
3117, -9999
3118, -9999
3119, -9999
3120, -9999
3121, -9999
3122, -9999
3123, -9999
3124, -9999
3125, -9999
3126, -9999
3127, -9999
3128, -9999
3129, -9999
3130, -9999
3131, -9999
3132, -9999
3133, -9999
3134, -9999
3135, -9999
3136, -9999
3137, -9999
3138, -9999
3139, -9999
3140, -9999
3141, -9999
3142, -9999
3143, -9999
3144, -9999
3145, -9999
3146, -9999
3147, -9999
3148, -9999
3149, -9999
3150, -9999
3151, -9999
3152, -9999
3153, -9999
3154, -9999
3155, -9999
3156, -9999
3157, -9999
3158, -9999
3159, -9999
3160, -9999
3161, -9999
3162, -9999
3163, -9999
3164, -9999
3165, -9999
3166, -9999
3167, -9999
3168, -9999
3169, -9999
3170, -9999
3171, -9999
3172, -9999
3173, -9999
3174, -9999
3175, -9999
3176, -9999
3177, -9999
3178, -9999
3179, -9999
3180, -9999
3181, -9999
3182, -9999
3183, -9999
3184, -9999
3185, -9999
3186, -9999
3187, -9999
3188, -9999
3189, -9999
3190, -9999
3191, -9999
3192, -9999
3193, -9999
3194, -9999
3195, -9999
3196, -9999
3197, -9999
3198, -9999
3199, -9999
3200, -9999
3201, -9999
3202, -9999
3203, -9999
3204, -9999
3205, -9999
3206, -9999
3207, -9999
3208, -9999
3209, -9999
3210, -9999
3211, -9999
3212, -9999
3213, -9999
3214, -9999
3215, -9999
3216, -9999
3217, -9999
3218, -9999
3219, -9999
3220, -9999
3221, -9999
3222, -9999
3223, -9999
3224, -9999
3225, -9999
3226, -9999
3227, -9999
3228, -9999
3229, -9999
3230, -9999
3231, -9999
3232, -9999
3233, -9999
3234, -9999
3235, -9999
3236, -9999
3237, -9999
3238, -9999
3239, -9999
3240, -9999
3241, -9999
3242, -9999
3243, -9999
3244, -9999
3245, -9999
3246, -9999
3247, -9999
3248, -9999
3249, -9999
3250, -9999
3251, -9999
3252, -9999
3253, -9999
3254, -9999
3255, -9999
3256, -9999
3257, -9999
3258, -9999
3259, -9999
3260, -9999
3261, -9999
3262, -9999
3263, -9999
3264, -9999
3265, -9999
3266, -9999
3267, -9999
3268, -9999
3269, -9999
3270, -9999
3271, -9999
3272, -9999
3273, -9999
3274, -9999
3275, -9999
3276, -9999
3277, -9999
3278, -9999
3279, -9999
3280, -9999
3281, -9999
3282, -9999
3283, -9999
3284, -9999
3285, -9999
3286, -9999
3287, -9999
3288, -9999
3289, -9999
3290, -9999
3291, -9999
3292, -9999
3293, -9999
3294, -9999
3295, -9999
3296, -9999
3297, -9999
3298, -9999
3299, -9999
3300, -9999
3301, -9999
3302, -9999
3303, -9999
3304, -9999
3305, -9999
3306, -9999
3307, -9999
3308, -9999
3309, -9999
3310, -9999
3311, -9999
3312, -9999
3313, -9999
3314, -9999
3315, -9999
3316, -9999
3317, -9999
3318, -9999
3319, -9999
3320, -9999
3321, -9999
3322, -9999
3323, -9999
3324, -9999
3325, -9999
3326, -9999
3327, -9999
3328, -9999
3329, -9999
3330, -9999
3331, -9999
3332, -9999
3333, -9999
3334, -9999
3335, -9999
3336, -9999
3337, -9999
3338, -9999
3339, -9999
3340, -9999
3341, -9999
3342, -9999
3343, -9999
3344, -9999
3345, -9999
3346, -9999
3347, -9999
3348, -9999
3349, -9999
3350, -9999
3351, -9999
3352, -9999
3353, -9999
3354, -9999
3355, -9999
3356, -9999
3357, -9999
3358, -9999
3359, -9999
3360, -9999
3361, -9999
3362, -9999
3363, -9999
3364, -9999
3365, -9999
3366, -9999
3367, -9999
3368, -9999
3369, -9999
3370, -9999
3371, -9999
3372, -9999
3373, -9999
3374, -9999
3375, -9999
3376, -9999
3377, -9999
3378, -9999
3379, -9999
3380, -9999
3381, -9999
3382, -9999
3383, -9999
3384, -9999
3385, -9999
3386, -9999
3387, -9999
3388, -9999
3389, -9999
3390, -9999
3391, -9999
3392, -9999
3393, -9999
3394, -9999
3395, -9999
3396, -9999
3397, -9999
3398, -9999
3399, -9999
3400, -9999
3401, -9999
3402, -9999
3403, -9999
3404, -9999
3405, -9999
3406, -9999
3407, -9999
3408, -9999
3409, -9999
3410, -9999
3411, -9999
3412, -9999
3413, -9999
3414, -9999
3415, -9999
3416, -9999
3417, -9999
3418, -9999
3419, -9999
3420, -9999
3421, -9999
3422, -9999
3423, -9999
3424, -9999
3425, -9999
3426, -9999
3427, -9999
3428, -9999
3429, -9999
3430, -9999
3431, -9999
3432, -9999
3433, -9999
3434, -9999
3435, -9999
3436, -9999
3437, -9999
3438, -9999
3439, -9999
3440, -9999
3441, -9999
3442, -9999
3443, -9999
3444, -9999
3445, -9999
3446, -9999
3447, -9999
3448, -9999
3449, -9999
3450, -9999
3451, -9999
3452, -9999
3453, -9999
3454, -9999
3455, -9999
3456, -9999
3457, -9999
3458, -9999
3459, -9999
3460, -9999
3461, -9999
3462, -9999
3463, -9999
3464, -9999
3465, -9999
3466, -9999
3467, -9999
3468, -9999
3469, -9999
3470, -9999
3471, -9999
3472, -9999
3473, -9999
3474, -9999
3475, -9999
3476, -9999
3477, -9999
3478, -9999
3479, -9999
3480, -9999
3481, -9999
3482, -9999
3483, -9999
3484, -9999
3485, -9999
3486, -9999
3487, -9999
3488, -9999
3489, -9999
3490, -9999
3491, -9999
3492, -9999
3493, -9999
3494, -9999
3495, -9999
3496, -9999
3497, -9999
3498, -9999
3499, -9999
3500, -9999
3501, -9999
3502, -9999
3503, -9999
3504, -9999
3505, -9999
3506, -9999
3507, -9999
3508, -9999
3509, -9999
3510, -9999
3511, -9999
3512, -9999
3513, -9999
3514, -9999
3515, -9999
3516, -9999
3517, -9999
3518, -9999
3519, -9999
3520, -9999
3521, -9999
3522, -9999
3523, -9999
3524, -9999
3525, -9999
3526, -9999
3527, -9999
3528, -9999
3529, -9999
3530, -9999
3531, -9999
3532, -9999
3533, -9999
3534, -9999
3535, -9999
3536, -9999
3537, -9999
3538, -9999
3539, -9999
3540, -9999
3541, -9999
3542, -9999
3543, -9999
3544, -9999
3545, -9999
3546, -9999
3547, -9999
3548, -9999
3549, -9999
3550, -9999
3551, -9999
3552, -9999
3553, -9999
3554, -9999
3555, -9999
3556, -9999
3557, -9999
3558, -9999
3559, -9999
3560, -9999
3561, -9999
3562, -9999
3563, -9999
3564, -9999
3565, -9999
3566, -9999
3567, -9999
3568, -9999
3569, -9999
3570, -9999
3571, -9999
3572, -9999
3573, -9999
3574, -9999
3575, -9999
3576, -9999
3577, -9999
3578, -9999
3579, -9999
3580, -9999
3581, -9999
3582, -9999
3583, -9999
3584, -9999
3585, -9999
3586, -9999
3587, -9999
3588, -9999
3589, -9999
3590, -9999
3591, -9999
3592, -9999
3593, -9999
3594, -9999
3595, -9999
3596, -9999
3597, -9999
3598, -9999
3599, -9999
3600, -9999
3601, -9999
3602, -9999
3603, -9999
3604, -9999
3605, -9999
3606, -9999
3607, -9999
3608, -9999
3609, -9999
3610, -9999
3611, -9999
3612, -9999
3613, -9999
3614, -9999
3615, -9999
3616, -9999
3617, -9999
3618, -9999
3619, -9999
3620, -9999
3621, -9999
3622, -9999
3623, -9999
3624, -9999
3625, -9999
3626, -9999
3627, -9999
3628, -9999
3629, -9999
3630, -9999
3631, -9999
3632, -9999
3633, -9999
3634, -9999
3635, -9999
3636, -9999
3637, -9999
3638, -9999
3639, -9999
3640, -9999
3641, -9999
3642, -9999
3643, -9999
3644, -9999
3645, -9999
3646, -9999
3647, -9999
3648, -9999
3649, -9999
3650, -9999
3651, -9999
3652, -9999
3653, -9999
3654, -9999
3655, -9999
3656, -9999
3657, -9999
3658, -9999
3659, -9999
3660, -9999
3661, -9999
3662, -9999
3663, -9999
3664, -9999
3665, -9999
3666, -9999
3667, -9999
3668, -9999
3669, -9999
3670, -9999
3671, -9999
3672, -9999
3673, -9999
3674, -9999
3675, -9999
3676, -9999
3677, -9999
3678, -9999
3679, -9999
3680, -9999
3681, -9999
3682, -9999
3683, -9999
3684, -9999
3685, -9999
3686, -9999
3687, -9999
3688, -9999
3689, -9999
3690, -9999
3691, -9999
3692, -9999
3693, -9999
3694, -9999
3695, -9999
3696, -9999
3697, -9999
3698, -9999
3699, -9999
3700, -9999
3701, -9999
3702, -9999
3703, -9999
3704, -9999
3705, -9999
3706, -9999
3707, -9999
3708, -9999
3709, -9999
3710, -9999
3711, -9999
3712, -9999
3713, -9999
3714, -9999
3715, -9999
3716, -9999
3717, -9999
3718, -9999
3719, -9999
3720, -9999
3721, -9999
3722, -9999
3723, -9999
3724, -9999
3725, -9999
3726, -9999
3727, -9999
3728, -9999
3729, -9999
3730, -9999
3731, -9999
3732, -9999
3733, -9999
3734, -9999
3735, -9999
3736, -9999
3737, -9999
3738, -9999
3739, -9999
3740, -9999
3741, -9999
3742, -9999
3743, -9999
3744, -9999
3745, -9999
3746, -9999
3747, -9999
3748, -9999
3749, -9999
3750, -9999
3751, -9999
3752, -9999
3753, -9999
3754, -9999
3755, -9999
3756, -9999
3757, -9999
3758, -9999
3759, -9999
3760, -9999
3761, -9999
3762, -9999
3763, -9999
3764, -9999
3765, -9999
3766, -9999
3767, -9999
3768, -9999
3769, -9999
3770, -9999
3771, -9999
3772, -9999
3773, -9999
3774, -9999
3775, -9999
3776, -9999
3777, -9999
3778, -9999
3779, -9999
3780, -9999
3781, -9999
3782, -9999
3783, -9999
3784, -9999
3785, -9999
3786, -9999
3787, -9999
3788, -9999
3789, -9999
3790, -9999
3791, -9999
3792, -9999
3793, -9999
3794, -9999
3795, -9999
3796, -9999
3797, -9999
3798, -9999
3799, -9999
3800, -9999
3801, -9999
3802, -9999
3803, -9999
3804, -9999
3805, -9999
3806, -9999
3807, -9999
3808, -9999
3809, -9999
3810, -9999
3811, -9999
3812, -9999
3813, -9999
3814, -9999
3815, -9999
3816, -9999
3817, -9999
3818, -9999
3819, -9999
3820, -9999
3821, -9999
3822, -9999
3823, -9999
3824, -9999
3825, -9999
3826, -9999
3827, -9999
3828, -9999
3829, -9999
3830, -9999
3831, -9999
3832, -9999
3833, -9999
3834, -9999
3835, -9999
3836, -9999
3837, -9999
3838, -9999
3839, -9999
3840, -9999
3841, -9999
3842, -9999
3843, -9999
3844, -9999
3845, -9999
3846, -9999
3847, -9999
3848, -9999
3849, -9999
3850, -9999
3851, -9999
3852, -9999
3853, -9999
3854, -9999
3855, -9999
3856, -9999
3857, -9999
3858, -9999
3859, -9999
3860, -9999
3861, -9999
3862, -9999
3863, -9999
3864, -9999
3865, -9999
3866, -9999
3867, -9999
3868, -9999
3869, -9999
3870, -9999
3871, -9999
3872, -9999
3873, -9999
3874, -9999
3875, -9999
3876, -9999
3877, -9999
3878, -9999
3879, -9999
3880, -9999
3881, -9999
3882, -9999
3883, -9999
3884, -9999
3885, -9999
3886, -9999
3887, -9999
3888, -9999
3889, -9999
3890, -9999
3891, -9999
3892, -9999
3893, -9999
3894, -9999
3895, -9999
3896, -9999
3897, -9999
3898, -9999
3899, -9999
3900, -9999
3901, -9999
3902, -9999
3903, -9999
3904, -9999
3905, -9999
3906, -9999
3907, -9999
3908, -9999
3909, -9999
3910, -9999
3911, -9999
3912, -9999
3913, -9999
3914, -9999
3915, -9999
3916, -9999
3917, -9999
3918, -9999
3919, -9999
3920, -9999
3921, -9999
3922, -9999
3923, -9999
3924, -9999
3925, -9999
3926, -9999
3927, -9999
3928, -9999
3929, -9999
3930, -9999
3931, -9999
3932, -9999
3933, -9999
3934, -9999
3935, -9999
3936, -9999
3937, -9999
3938, -9999
3939, -9999
3940, -9999
3941, -9999
3942, -9999
3943, -9999
3944, -9999
3945, -9999
3946, -9999
3947, -9999
3948, -9999
3949, -9999
3950, -9999
3951, -9999
3952, -9999
3953, -9999
3954, -9999
3955, -9999
3956, -9999
3957, -9999
3958, -9999
3959, -9999
3960, -9999
3961, -9999
3962, -9999
3963, -9999
3964, -9999
3965, -9999
3966, -9999
3967, -9999
3968, -9999
3969, -9999
3970, -9999
3971, -9999
3972, -9999
3973, -9999
3974, -9999
3975, -9999
3976, -9999
3977, -9999
3978, -9999
3979, -9999
3980, -9999
3981, -9999
3982, -9999
3983, -9999
3984, -9999
3985, -9999
3986, -9999
3987, -9999
3988, -9999
3989, -9999
3990, -9999
3991, -9999
3992, -9999
3993, -9999
3994, -9999
3995, -9999
3996, -9999
3997, -9999
3998, -9999
3999, -9999
4000, -9999
4001, -9999
4002, -9999
4003, -9999
4004, -9999
4005, -9999
4006, -9999
4007, -9999
4008, -9999
4009, -9999
4010, -9999
4011, -9999
4012, -9999
4013, -9999
4014, -9999
4015, -9999
4016, -9999
4017, -9999
4018, -9999
4019, -9999
4020, -9999
4021, -9999
4022, -9999
4023, -9999
4024, -9999
4025, -9999
4026, -9999
4027, -9999
4028, -9999
4029, -9999
4030, -9999
4031, -9999
4032, -9999
4033, -9999
4034, -9999
4035, -9999
4036, -9999
4037, -9999
4038, -9999
4039, -9999
4040, -9999
4041, -9999
4042, -9999
4043, -9999
4044, -9999
4045, -9999
4046, -9999
4047, -9999
4048, -9999
4049, -9999
4050, -9999
4051, -9999
4052, -9999
4053, -9999
4054, -9999
4055, -9999
4056, -9999
4057, -9999
4058, -9999
4059, -9999
4060, -9999
4061, -9999
4062, -9999
4063, -9999
4064, -9999
4065, -9999
4066, -9999
4067, -9999
4068, -9999
4069, -9999
4070, -9999
4071, -9999
4072, -9999
4073, -9999
4074, -9999
4075, -9999
4076, -9999
4077, -9999
4078, -9999
4079, -9999
4080, -9999
4081, -9999
4082, -9999
4083, -9999
4084, -9999
4085, -9999
4086, -9999
4087, -9999
4088, -9999
4089, -9999
4090, -9999
4091, -9999
4092, -9999
4093, -9999
4094, -9999
4095, -9999
4096, -9999
4097, -9999
4098, -9999
4099, -9999
4100, -9999
4101, -9999
4102, -9999
4103, -9999
4104, -9999
4105, -9999
4106, -9999
4107, -9999
4108, -9999
4109, -9999
4110, -9999
4111, -9999
4112, -9999
4113, -9999
4114, -9999
4115, -9999
4116, -9999
4117, -9999
4118, -9999
4119, -9999
4120, -9999
4121, -9999
4122, -9999
4123, -9999
4124, -9999
4125, -9999
4126, -9999
4127, -9999
4128, -9999
4129, -9999
4130, -9999
4131, -9999
4132, -9999
4133, -9999
4134, -9999
4135, -9999
4136, -9999
4137, -9999
4138, -9999
4139, -9999
4140, -9999
4141, -9999
4142, -9999
4143, -9999
4144, -9999
4145, -9999
4146, -9999
4147, -9999
4148, -9999
4149, -9999
4150, -9999
4151, -9999
4152, -9999
4153, -9999
4154, -9999
4155, -9999
4156, -9999
4157, -9999
4158, -9999
4159, -9999
4160, -9999
4161, -9999
4162, -9999
4163, -9999
4164, -9999
4165, -9999
4166, -9999
4167, -9999
4168, -9999
4169, -9999
4170, -9999
4171, -9999
4172, -9999
4173, -9999
4174, -9999
4175, -9999
4176, -9999
4177, -9999
4178, -9999
4179, -9999
4180, -9999
4181, -9999
4182, -9999
4183, -9999
4184, -9999
4185, -9999
4186, -9999
4187, -9999
4188, -9999
4189, -9999
4190, -9999
4191, -9999
4192, -9999
4193, -9999
4194, -9999
4195, -9999
4196, -9999
4197, -9999
4198, -9999
4199, -9999
4200, -9999
4201, -9999
4202, -9999
4203, -9999
4204, -9999
4205, -9999
4206, -9999
4207, -9999
4208, -9999
4209, -9999
4210, -9999
4211, -9999
4212, -9999
4213, -9999
4214, -9999
4215, -9999
4216, -9999
4217, -9999
4218, -9999
4219, -9999
4220, -9999
4221, -9999
4222, -9999
4223, -9999
4224, -9999
4225, -9999
4226, -9999
4227, -9999
4228, -9999
4229, -9999
4230, -9999
4231, -9999
4232, -9999
4233, -9999
4234, -9999
4235, -9999
4236, -9999
4237, -9999
4238, -9999
4239, -9999
4240, -9999
4241, -9999
4242, -9999
4243, -9999
4244, -9999
4245, -9999
4246, -9999
4247, -9999
4248, -9999
4249, -9999
4250, -9999
4251, -9999
4252, -9999
4253, -9999
4254, -9999
4255, -9999
4256, -9999
4257, -9999
4258, -9999
4259, -9999
4260, -9999
4261, -9999
4262, -9999
4263, -9999
4264, -9999
4265, -9999
4266, -9999
4267, -9999
4268, -9999
4269, -9999
4270, -9999
4271, -9999
4272, -9999
4273, -9999
4274, -9999
4275, -9999
4276, -9999
4277, -9999
4278, -9999
4279, -9999
4280, -9999
4281, -9999
4282, -9999
4283, -9999
4284, -9999
4285, -9999
4286, -9999
4287, -9999
4288, -9999
4289, -9999
4290, -9999
4291, -9999
4292, -9999
4293, -9999
4294, -9999
4295, -9999
4296, -9999
4297, -9999
4298, -9999
4299, -9999
4300, -9999
4301, -9999
4302, -9999
4303, -9999
4304, -9999
4305, -9999
4306, -9999
4307, -9999
4308, -9999
4309, -9999
4310, -9999
4311, -9999
4312, -9999
4313, -9999
4314, -9999
4315, -9999
4316, -9999
4317, -9999
4318, -9999
4319, -9999
4320, -9999
4321, -9999
4322, -9999
4323, -9999
4324, -9999
4325, -9999
4326, -9999
4327, -9999
4328, -9999
4329, -9999
4330, -9999
4331, -9999
4332, -9999
4333, -9999
4334, -9999
4335, -9999
4336, -9999
4337, -9999
4338, -9999
4339, -9999
4340, -9999
4341, -9999
4342, -9999
4343, -9999
4344, -9999
4345, -9999
4346, -9999
4347, -9999
4348, -9999
4349, -9999
4350, -9999
4351, -9999
4352, -9999
4353, -9999
4354, -9999
4355, -9999
4356, -9999
4357, -9999
4358, -9999
4359, -9999
4360, -9999
4361, -9999
4362, -9999
4363, -9999
4364, -9999
4365, -9999
4366, -9999
4367, -9999
4368, -9999
4369, -9999
4370, -9999
4371, -9999
4372, -9999
4373, -9999
4374, -9999
4375, -9999
4376, -9999
4377, -9999
4378, -9999
4379, -9999
4380, -9999
4381, -9999
4382, -9999
4383, -9999
4384, -9999
4385, -9999
4386, -9999
4387, -9999
4388, -9999
4389, -9999
4390, -9999
4391, -9999
4392, -9999
4393, -9999
4394, -9999
4395, -9999
4396, -9999
4397, -9999
4398, -9999
4399, -9999
4400, -9999
4401, -9999
4402, -9999
4403, -9999
4404, -9999
4405, -9999
4406, -9999
4407, -9999
4408, -9999
4409, -9999
4410, -9999
4411, -9999
4412, -9999
4413, -9999
4414, -9999
4415, -9999
4416, -9999
4417, -9999
4418, -9999
4419, -9999
4420, -9999
4421, -9999
4422, -9999
4423, -9999
4424, -9999
4425, -9999
4426, -9999
4427, -9999
4428, -9999
4429, -9999
4430, -9999
4431, -9999
4432, -9999
4433, -9999
4434, -9999
4435, -9999
4436, -9999
4437, -9999
4438, -9999
4439, -9999
4440, -9999
4441, -9999
4442, -9999
4443, -9999
4444, -9999
4445, -9999
4446, -9999
4447, -9999
4448, -9999
4449, -9999
4450, -9999
4451, -9999
4452, -9999
4453, -9999
4454, -9999
4455, -9999
4456, -9999
4457, -9999
4458, -9999
4459, -9999
4460, -9999
4461, -9999
4462, -9999
4463, -9999
4464, -9999
4465, -9999
4466, -9999
4467, -9999
4468, -9999
4469, -9999
4470, -9999
4471, -9999
4472, -9999
4473, -9999
4474, -9999
4475, -9999
4476, -9999
4477, -9999
4478, -9999
4479, -9999
4480, -9999
4481, -9999
4482, -9999
4483, -9999
4484, -9999
4485, -9999
4486, -9999
4487, -9999
4488, -9999
4489, -9999
4490, -9999
4491, -9999
4492, -9999
4493, -9999
4494, -9999
4495, -9999
4496, -9999
4497, -9999
4498, -9999
4499, -9999
4500, -9999
4501, -9999
4502, -9999
4503, -9999
4504, -9999
4505, -9999
4506, -9999
4507, -9999
4508, -9999
4509, -9999
4510, -9999
4511, -9999
4512, -9999
4513, -9999
4514, -9999
4515, -9999
4516, -9999
4517, -9999
4518, -9999
4519, -9999
4520, -9999
4521, -9999
4522, -9999
4523, -9999
4524, -9999
4525, -9999
4526, -9999
4527, -9999
4528, -9999
4529, -9999
4530, -9999
4531, -9999
4532, -9999
4533, -9999
4534, -9999
4535, -9999
4536, -9999
4537, -9999
4538, -9999
4539, -9999
4540, -9999
4541, -9999
4542, -9999
4543, -9999
4544, -9999
4545, -9999
4546, -9999
4547, -9999
4548, -9999
4549, -9999
4550, -9999
4551, -9999
4552, -9999
4553, -9999
4554, -9999
4555, -9999
4556, -9999
4557, -9999
4558, -9999
4559, -9999
4560, -9999
4561, -9999
4562, -9999
4563, -9999
4564, -9999
4565, -9999
4566, -9999
4567, -9999
4568, -9999
4569, -9999
4570, -9999
4571, -9999
4572, -9999
4573, -9999
4574, -9999
4575, -9999
4576, -9999
4577, -9999
4578, -9999
4579, -9999
4580, -9999
4581, -9999
4582, -9999
4583, -9999
4584, -9999
4585, -9999
4586, -9999
4587, -9999
4588, -9999
4589, -9999
4590, -9999
4591, -9999
4592, -9999
4593, -9999
4594, -9999
4595, -9999
4596, -9999
4597, -9999
4598, -9999
4599, -9999
4600, -9999
4601, -9999
4602, -9999
4603, -9999
4604, -9999
4605, -9999
4606, -9999
4607, -9999
4608, -9999
4609, -9999
4610, -9999
4611, -9999
4612, -9999
4613, -9999
4614, -9999
4615, -9999
4616, -9999
4617, -9999
4618, -9999
4619, -9999
4620, -9999
4621, -9999
4622, -9999
4623, -9999
4624, -9999
4625, -9999
4626, -9999
4627, -9999
4628, -9999
4629, -9999
4630, -9999
4631, -9999
4632, -9999
4633, -9999
4634, -9999
4635, -9999
4636, -9999
4637, -9999
4638, -9999
4639, -9999
4640, -9999
4641, -9999
4642, -9999
4643, -9999
4644, -9999
4645, -9999
4646, -9999
4647, -9999
4648, -9999
4649, -9999
4650, -9999
4651, -9999
4652, -9999
4653, -9999
4654, -9999
4655, -9999
4656, -9999
4657, -9999
4658, -9999
4659, -9999
4660, -9999
4661, -9999
4662, -9999
4663, -9999
4664, -9999
4665, -9999
4666, -9999
4667, -9999
4668, -9999
4669, -9999
4670, -9999
4671, -9999
4672, -9999
4673, -9999
4674, -9999
4675, -9999
4676, -9999
4677, -9999
4678, -9999
4679, -9999
4680, -9999
4681, -9999
4682, -9999
4683, -9999
4684, -9999
4685, -9999
4686, -9999
4687, -9999
4688, -9999
4689, -9999
4690, -9999
4691, -9999
4692, -9999
4693, -9999
4694, -9999
4695, -9999
4696, -9999
4697, -9999
4698, -9999
4699, -9999
4700, -9999
4701, -9999
4702, -9999
4703, -9999
4704, -9999
4705, -9999
4706, -9999
4707, -9999
4708, -9999
4709, -9999
4710, -9999
4711, -9999
4712, -9999
4713, -9999
4714, -9999
4715, -9999
4716, -9999
4717, -9999
4718, -9999
4719, -9999
4720, -9999
4721, -9999
4722, -9999
4723, -9999
4724, -9999
4725, -9999
4726, -9999
4727, -9999
4728, -9999
4729, -9999
4730, -9999
4731, -9999
4732, -9999
4733, -9999
4734, -9999
4735, -9999
4736, -9999
4737, -9999
4738, -9999
4739, -9999
4740, -9999
4741, -9999
4742, -9999
4743, -9999
4744, -9999
4745, -9999
4746, -9999
4747, -9999
4748, -9999
4749, -9999
4750, -9999
4751, -9999
4752, -9999
4753, -9999
4754, -9999
4755, -9999
4756, -9999
4757, -9999
4758, -9999
4759, -9999
4760, -9999
4761, -9999
4762, -9999
4763, -9999
4764, -9999
4765, -9999
4766, -9999
4767, -9999
4768, -9999
4769, -9999
4770, -9999
4771, -9999
4772, -9999
4773, -9999
4774, -9999
4775, -9999
4776, -9999
4777, -9999
4778, -9999
4779, -9999
4780, -9999
4781, -9999
4782, -9999
4783, -9999
4784, -9999
4785, -9999
4786, -9999
4787, -9999
4788, -9999
4789, -9999
4790, -9999
4791, -9999
4792, -9999
4793, -9999
4794, -9999
4795, -9999
4796, -9999
4797, -9999
4798, -9999
4799, -9999
4800, -9999
4801, -9999
4802, -9999
4803, -9999
4804, -9999
4805, -9999
4806, -9999
4807, -9999
4808, -9999
4809, -9999
4810, -9999
4811, -9999
4812, -9999
4813, -9999
4814, -9999
4815, -9999
4816, -9999
4817, -9999
4818, -9999
4819, -9999
4820, -9999
4821, -9999
4822, -9999
4823, -9999
4824, -9999
4825, -9999
4826, -9999
4827, -9999
4828, -9999
4829, -9999
4830, -9999
4831, -9999
4832, -9999
4833, -9999
4834, -9999
4835, -9999
4836, -9999
4837, -9999
4838, -9999
4839, -9999
4840, -9999
4841, -9999
4842, -9999
4843, -9999
4844, -9999
4845, -9999
4846, -9999
4847, -9999
4848, -9999
4849, -9999
4850, -9999
4851, -9999
4852, -9999
4853, -9999
4854, -9999
4855, -9999
4856, -9999
4857, -9999
4858, -9999
4859, -9999
4860, -9999
4861, -9999
4862, -9999
4863, -9999
4864, -9999
4865, -9999
4866, -9999
4867, -9999
4868, -9999
4869, -9999
4870, -9999
4871, -9999
4872, -9999
4873, -9999
4874, -9999
4875, -9999
4876, -9999
4877, -9999
4878, -9999
4879, -9999
4880, -9999
4881, -9999
4882, -9999
4883, -9999
4884, -9999
4885, -9999
4886, -9999
4887, -9999
4888, -9999
4889, -9999
4890, -9999
4891, -9999
4892, -9999
4893, -9999
4894, -9999
4895, -9999
4896, -9999
4897, -9999
4898, -9999
4899, -9999
4900, -9999
4901, -9999
4902, -9999
4903, -9999
4904, -9999
4905, -9999
4906, -9999
4907, -9999
4908, -9999
4909, -9999
4910, -9999
4911, -9999
4912, -9999
4913, -9999
4914, -9999
4915, -9999
4916, -9999
4917, -9999
4918, -9999
4919, -9999
4920, -9999
4921, -9999
4922, -9999
4923, -9999
4924, -9999
4925, -9999
4926, -9999
4927, -9999
4928, -9999
4929, -9999
4930, -9999
4931, -9999
4932, -9999
4933, -9999
4934, -9999
4935, -9999
4936, -9999
4937, -9999
4938, -9999
4939, -9999
4940, -9999
4941, -9999
4942, -9999
4943, -9999
4944, -9999
4945, -9999
4946, -9999
4947, -9999
4948, -9999
4949, -9999
4950, -9999
4951, -9999
4952, -9999
4953, -9999
4954, -9999
4955, -9999
4956, -9999
4957, -9999
4958, -9999
4959, -9999
4960, -9999
4961, -9999
4962, -9999
4963, -9999
4964, -9999
4965, -9999
4966, -9999
4967, -9999
4968, -9999
4969, -9999
4970, -9999
4971, -9999
4972, -9999
4973, -9999
4974, -9999
4975, -9999
4976, -9999
4977, -9999
4978, -9999
4979, -9999
4980, -9999
4981, -9999
4982, -9999
4983, -9999
4984, -9999
4985, -9999
4986, -9999
4987, -9999
4988, -9999
4989, -9999
4990, -9999
4991, -9999
4992, -9999
4993, -9999
4994, -9999
4995, -9999
4996, -9999
4997, -9999
4998, -9999
4999, -9999
5000, -9999
5001, -9999
5002, -9999
5003, -9999
5004, -9999
5005, -9999
5006, -9999
5007, -9999
5008, -9999
5009, -9999
5010, -9999
5011, -9999
5012, -9999
5013, -9999
5014, -9999
5015, -9999
5016, -9999
5017, -9999
5018, -9999
5019, -9999
5020, -9999
5021, -9999
5022, -9999
5023, -9999
5024, -9999
5025, -9999
5026, -9999
5027, -9999
5028, -9999
5029, -9999
5030, -9999
5031, -9999
5032, -9999
5033, -9999
5034, -9999
5035, -9999
5036, -9999
5037, -9999
5038, -9999
5039, -9999
5040, -9999
5041, -9999
5042, -9999
5043, -9999
5044, -9999
5045, -9999
5046, -9999
5047, -9999
5048, -9999
5049, -9999
5050, -9999
5051, -9999
5052, -9999
5053, -9999
5054, -9999
5055, -9999
5056, -9999
5057, -9999
5058, -9999
5059, -9999
5060, -9999
5061, -9999
5062, -9999
5063, -9999
5064, -9999
5065, -9999
5066, -9999
5067, -9999
5068, -9999
5069, -9999
5070, -9999
5071, -9999
5072, -9999
5073, -9999
5074, -9999
5075, -9999
5076, -9999
5077, -9999
5078, -9999
5079, -9999
5080, -9999
5081, -9999
5082, -9999
5083, -9999
5084, -9999
5085, -9999
5086, -9999
5087, -9999
5088, -9999
5089, -9999
5090, -9999
5091, -9999
5092, -9999
5093, -9999
5094, -9999
5095, -9999
5096, -9999
5097, -9999
5098, -9999
5099, -9999
5100, -9999
5101, -9999
5102, -9999
5103, -9999
5104, -9999
5105, -9999
5106, -9999
5107, -9999
5108, -9999
5109, -9999
5110, -9999
5111, -9999
5112, -9999
5113, -9999
5114, -9999
5115, -9999
5116, -9999
5117, -9999
5118, -9999
5119, -9999
5120, -9999
5121, -9999
5122, -9999
5123, -9999
5124, -9999
5125, -9999
5126, -9999
5127, -9999
5128, -9999
5129, -9999
5130, -9999
5131, -9999
5132, -9999
5133, -9999
5134, -9999
5135, -9999
5136, -9999
5137, -9999
5138, -9999
5139, -9999
5140, -9999
5141, -9999
5142, -9999
5143, -9999
5144, -9999
5145, -9999
5146, -9999
5147, -9999
5148, -9999
5149, -9999
5150, -9999
5151, -9999
5152, -9999
5153, -9999
5154, -9999
5155, -9999
5156, -9999
5157, -9999
5158, -9999
5159, -9999
5160, -9999
5161, -9999
5162, -9999
5163, -9999
5164, -9999
5165, -9999
5166, -9999
5167, -9999
5168, -9999
5169, -9999
5170, -9999
5171, -9999
5172, -9999
5173, -9999
5174, -9999
5175, -9999
5176, -9999
5177, -9999
5178, -9999
5179, -9999
5180, -9999
5181, -9999
5182, -9999
5183, -9999
5184, -9999
5185, -9999
5186, -9999
5187, -9999
5188, -9999
5189, -9999
5190, -9999
5191, -9999
5192, -9999
5193, -9999
5194, -9999
5195, -9999
5196, -9999
5197, -9999
5198, -9999
5199, -9999
5200, -9999
5201, -9999
5202, -9999
5203, -9999
5204, -9999
5205, -9999
5206, -9999
5207, -9999
5208, -9999
5209, -9999
5210, -9999
5211, -9999
5212, -9999
5213, -9999
5214, -9999
5215, -9999
5216, -9999
5217, -9999
5218, -9999
5219, -9999
5220, -9999
5221, -9999
5222, -9999
5223, -9999
5224, -9999
5225, -9999
5226, -9999
5227, -9999
5228, -9999
5229, -9999
5230, -9999
5231, -9999
5232, -9999
5233, -9999
5234, -9999
5235, -9999
5236, -9999
5237, -9999
5238, -9999
5239, -9999
5240, -9999
5241, -9999
5242, -9999
5243, -9999
5244, -9999
5245, -9999
5246, -9999
5247, -9999
5248, -9999
5249, -9999
5250, -9999
5251, -9999
5252, -9999
5253, -9999
5254, -9999
5255, -9999
5256, -9999
5257, -9999
5258, -9999
5259, -9999
5260, -9999
5261, -9999
5262, -9999
5263, -9999
5264, -9999
5265, -9999
5266, -9999
5267, -9999
5268, -9999
5269, -9999
5270, -9999
5271, -9999
5272, -9999
5273, -9999
5274, -9999
5275, -9999
5276, -9999
5277, -9999
5278, -9999
5279, -9999
5280, -9999
5281, -9999
5282, -9999
5283, -9999
5284, -9999
5285, -9999
5286, -9999
5287, -9999
5288, -9999
5289, -9999
5290, -9999
5291, -9999
5292, -9999
5293, -9999
5294, -9999
5295, -9999
5296, -9999
5297, -9999
5298, -9999
5299, -9999
5300, -9999
5301, -9999
5302, -9999
5303, -9999
5304, -9999
5305, -9999
5306, -9999
5307, -9999
5308, -9999
5309, -9999
5310, -9999
5311, -9999
5312, -9999
5313, -9999
5314, -9999
5315, -9999
5316, -9999
5317, -9999
5318, -9999
5319, -9999
5320, -9999
5321, -9999
5322, -9999
5323, -9999
5324, -9999
5325, -9999
5326, -9999
5327, -9999
5328, -9999
5329, -9999
5330, -9999
5331, -9999
5332, -9999
5333, -9999
5334, -9999
5335, -9999
5336, -9999
5337, -9999
5338, -9999
5339, -9999
5340, -9999
5341, -9999
5342, -9999
5343, -9999
5344, -9999
5345, -9999
5346, -9999
5347, -9999
5348, -9999
5349, -9999
5350, -9999
5351, -9999
5352, -9999
5353, -9999
5354, -9999
5355, -9999
5356, -9999
5357, -9999
5358, -9999
5359, -9999
5360, -9999
5361, -9999
5362, -9999
5363, -9999
5364, -9999
5365, -9999
5366, -9999
5367, -9999
5368, -9999
5369, -9999
5370, -9999
5371, -9999
5372, -9999
5373, -9999
5374, -9999
5375, -9999
5376, -9999
5377, -9999
5378, -9999
5379, -9999
5380, -9999
5381, -9999
5382, -9999
5383, -9999
5384, -9999
5385, -9999
5386, -9999
5387, -9999
5388, -9999
5389, -9999
5390, -9999
5391, -9999
5392, -9999
5393, -9999
5394, -9999
5395, -9999
5396, -9999
5397, -9999
5398, -9999
5399, -9999
5400, -9999
5401, -9999
5402, -9999
5403, -9999
5404, -9999
5405, -9999
5406, -9999
5407, -9999
5408, -9999
5409, -9999
5410, -9999
5411, -9999
5412, -9999
5413, -9999
5414, -9999
5415, -9999
5416, -9999
5417, -9999
5418, -9999
5419, -9999
5420, -9999
5421, -9999
5422, -9999
5423, -9999
5424, -9999
5425, -9999
5426, -9999
5427, -9999
5428, -9999
5429, -9999
5430, -9999
5431, -9999
5432, -9999
5433, -9999
5434, -9999
5435, -9999
5436, -9999
5437, -9999
5438, -9999
5439, -9999
5440, -9999
5441, -9999
5442, -9999
5443, -9999
5444, -9999
5445, -9999
5446, -9999
5447, -9999
5448, -9999
5449, -9999
5450, -9999
5451, -9999
5452, -9999
5453, -9999
5454, -9999
5455, -9999
5456, -9999
5457, -9999
5458, -9999
5459, -9999
5460, -9999
5461, -9999
5462, -9999
5463, -9999
5464, -9999
5465, -9999
5466, -9999
5467, -9999
5468, -9999
5469, -9999
5470, -9999
5471, -9999
5472, -9999
5473, -9999
5474, -9999
5475, -9999
5476, -9999
5477, -9999
5478, -9999
5479, -9999
5480, -9999
5481, -9999
5482, -9999
5483, -9999
5484, -9999
5485, -9999
5486, -9999
5487, -9999
5488, -9999
5489, -9999
5490, -9999
5491, -9999
5492, -9999
5493, -9999
5494, -9999
5495, -9999
5496, -9999
5497, -9999
5498, -9999
5499, -9999
5500, -9999
5501, -9999
5502, -9999
5503, -9999
5504, -9999
5505, -9999
5506, -9999
5507, -9999
5508, -9999
5509, -9999
5510, -9999
5511, -9999
5512, -9999
5513, -9999
5514, -9999
5515, -9999
5516, -9999
5517, -9999
5518, -9999
5519, -9999
5520, -9999
5521, -9999
5522, -9999
5523, -9999
5524, -9999
5525, -9999
5526, -9999
5527, -9999
5528, -9999
5529, -9999
5530, -9999
5531, -9999
5532, -9999
5533, -9999
5534, -9999
5535, -9999
5536, -9999
5537, -9999
5538, -9999
5539, -9999
5540, -9999
5541, -9999
5542, -9999
5543, -9999
5544, -9999
5545, -9999
5546, -9999
5547, -9999
5548, -9999
5549, -9999
5550, -9999
5551, -9999
5552, -9999
5553, -9999
5554, -9999
5555, -9999
5556, -9999
5557, -9999
5558, -9999
5559, -9999
5560, -9999
5561, -9999
5562, -9999
5563, -9999
5564, -9999
5565, -9999
5566, -9999
5567, -9999
5568, -9999
5569, -9999
5570, -9999
5571, -9999
5572, -9999
5573, -9999
5574, -9999
5575, -9999
5576, -9999
5577, -9999
5578, -9999
5579, -9999
5580, -9999
5581, -9999
5582, -9999
5583, -9999
5584, -9999
5585, -9999
5586, -9999
5587, -9999
5588, -9999
5589, -9999
5590, -9999
5591, -9999
5592, -9999
5593, -9999
5594, -9999
5595, -9999
5596, -9999
5597, -9999
5598, -9999
5599, -9999
5600, -9999
5601, -9999
5602, -9999
5603, -9999
5604, -9999
5605, -9999
5606, -9999
5607, -9999
5608, -9999
5609, -9999
5610, -9999
5611, -9999
5612, -9999
5613, -9999
5614, -9999
5615, -9999
5616, -9999
5617, -9999
5618, -9999
5619, -9999
5620, -9999
5621, -9999
5622, -9999
5623, -9999
5624, -9999
5625, -9999
5626, -9999
5627, -9999
5628, -9999
5629, -9999
5630, -9999
5631, -9999
5632, -9999
5633, -9999
5634, -9999
5635, -9999
5636, -9999
5637, -9999
5638, -9999
5639, -9999
5640, -9999
5641, -9999
5642, -9999
5643, -9999
5644, -9999
5645, -9999
5646, -9999
5647, -9999
5648, -9999
5649, -9999
5650, -9999
5651, -9999
5652, -9999
5653, -9999
5654, -9999
5655, -9999
5656, -9999
5657, -9999
5658, -9999
5659, -9999
5660, -9999
5661, -9999
5662, -9999
5663, -9999
5664, -9999
5665, -9999
5666, -9999
5667, -9999
5668, -9999
5669, -9999
5670, -9999
5671, -9999
5672, -9999
5673, -9999
5674, -9999
5675, -9999
5676, -9999
5677, -9999
5678, -9999
5679, -9999
5680, -9999
5681, -9999
5682, -9999
5683, -9999
5684, -9999
5685, -9999
5686, -9999
5687, -9999
5688, -9999
5689, -9999
5690, -9999
5691, -9999
5692, -9999
5693, -9999
5694, -9999
5695, -9999
5696, -9999
5697, -9999
5698, -9999
5699, -9999
5700, -9999
5701, -9999
5702, -9999
5703, -9999
5704, -9999
5705, -9999
5706, -9999
5707, -9999
5708, -9999
5709, -9999
5710, -9999
5711, -9999
5712, -9999
5713, -9999
5714, -9999
5715, -9999
5716, -9999
5717, -9999
5718, -9999
5719, -9999
5720, -9999
5721, -9999
5722, -9999
5723, -9999
5724, -9999
5725, -9999
5726, -9999
5727, -9999
5728, -9999
5729, -9999
5730, -9999
5731, -9999
5732, -9999
5733, -9999
5734, -9999
5735, -9999
5736, -9999
5737, -9999
5738, -9999
5739, -9999
5740, -9999
5741, -9999
5742, -9999
5743, -9999
5744, -9999
5745, -9999
5746, -9999
5747, -9999
5748, -9999
5749, -9999
5750, -9999
5751, -9999
5752, -9999
5753, -9999
5754, -9999
5755, -9999
5756, -9999
5757, -9999
5758, -9999
5759, -9999
5760, -9999
5761, -9999
5762, -9999
5763, -9999
5764, -9999
5765, -9999
5766, -9999
5767, -9999
5768, -9999
5769, -9999
5770, -9999
5771, -9999
5772, -9999
5773, -9999
5774, -9999
5775, -9999
5776, -9999
5777, -9999
5778, -9999
5779, -9999
5780, -9999
5781, -9999
5782, -9999
5783, -9999
5784, -9999
5785, -9999
5786, -9999
5787, -9999
5788, -9999
5789, -9999
5790, -9999
5791, -9999
5792, -9999
5793, -9999
5794, -9999
5795, -9999
5796, -9999
5797, -9999
5798, -9999
5799, -9999
5800, -9999
5801, -9999
5802, -9999
5803, -9999
5804, -9999
5805, -9999
5806, -9999
5807, -9999
5808, -9999
5809, -9999
5810, -9999
5811, -9999
5812, -9999
5813, -9999
5814, -9999
5815, -9999
5816, -9999
5817, -9999
5818, -9999
5819, -9999
5820, -9999
5821, -9999
5822, -9999
5823, -9999
5824, -9999
5825, -9999
5826, -9999
5827, -9999
5828, -9999
5829, -9999
5830, -9999
5831, -9999
5832, -9999
5833, -9999
5834, -9999
5835, -9999
5836, -9999
5837, -9999
5838, -9999
5839, -9999
5840, -9999
5841, -9999
5842, -9999
5843, -9999
5844, -9999
5845, -9999
5846, -9999
5847, -9999
5848, -9999
5849, -9999
5850, -9999
5851, -9999
5852, -9999
5853, -9999
5854, -9999
5855, -9999
5856, -9999
5857, -9999
5858, -9999
5859, -9999
5860, -9999
5861, -9999
5862, -9999
5863, -9999
5864, -9999
5865, -9999
5866, -9999
5867, -9999
5868, -9999
5869, -9999
5870, -9999
5871, -9999
5872, -9999
5873, -9999
5874, -9999
5875, -9999
5876, -9999
5877, -9999
5878, -9999
5879, -9999
5880, -9999
5881, -9999
5882, -9999
5883, -9999
5884, -9999
5885, -9999
5886, -9999
5887, -9999
5888, -9999
5889, -9999
5890, -9999
5891, -9999
5892, -9999
5893, -9999
5894, -9999
5895, -9999
5896, -9999
5897, -9999
5898, -9999
5899, -9999
5900, -9999
5901, -9999
5902, -9999
5903, -9999
5904, -9999
5905, -9999
5906, -9999
5907, -9999
5908, -9999
5909, -9999
5910, -9999
5911, -9999
5912, -9999
5913, -9999
5914, -9999
5915, -9999
5916, -9999
5917, -9999
5918, -9999
5919, -9999
5920, -9999
5921, -9999
5922, -9999
5923, -9999
5924, -9999
5925, -9999
5926, -9999
5927, -9999
5928, -9999
5929, -9999
5930, -9999
5931, -9999
5932, -9999
5933, -9999
5934, -9999
5935, -9999
5936, -9999
5937, -9999
5938, -9999
5939, -9999
5940, -9999
5941, -9999
5942, -9999
5943, -9999
5944, -9999
5945, -9999
5946, -9999
5947, -9999
5948, -9999
5949, -9999
5950, -9999
5951, -9999
5952, -9999
5953, -9999
5954, -9999
5955, -9999
5956, -9999
5957, -9999
5958, -9999
5959, -9999
5960, -9999
5961, -9999
5962, -9999
5963, -9999
5964, -9999
5965, -9999
5966, -9999
5967, -9999
5968, -9999
5969, -9999
5970, -9999
5971, -9999
5972, -9999
5973, -9999
5974, -9999
5975, -9999
